816 408
3 6
3 3 3 3 3 3 3 3 3 3 3 3 3 3 3 3 3 3 3 3 3 3 3 3 3 3 3 3 3 3 3 3 3 3 3 3 3 3 3 3 3 3 3 3 3 3 3 3 3 3 3 3 3 3 3 3 3 3 3 3 3 3 3 3 3 3 3 3 3 3 3 3 3 3 3 3 3 3 3 3 3 3 3 3 3 3 3 3 3 3 3 3 3 3 3 3 3 3 3 3 3 3 3 3 3 3 3 3 3 3 3 3 3 3 3 3 3 3 3 3 3 3 3 3 3 3 3 3 3 3 3 3 3 3 3 3 3 3 3 3 3 3 3 3 3 3 3 3 3 3 3 3 3 3 3 3 3 3 3 3 3 3 3 3 3 3 3 3 3 3 3 3 3 3 3 3 3 3 3 3 3 3 3 3 3 3 3 3 3 3 3 3 3 3 3 3 3 3 3 3 3 3 3 3 3 3 3 3 3 3 3 3 3 3 3 3 3 3 3 3 3 3 3 3 3 3 3 3 3 3 3 3 3 3 3 3 3 3 3 3 3 3 3 3 3 3 3 3 3 3 3 3 3 3 3 3 3 3 3 3 3 3 3 3 3 3 3 3 3 3 3 3 3 3 3 3 3 3 3 3 3 3 3 3 3 3 3 3 3 3 3 3 3 3 3 3 3 3 3 3 3 3 3 3 3 3 3 3 3 3 3 3 3 3 3 3 3 3 3 3 3 3 3 3 3 3 3 3 3 3 3 3 3 3 3 3 3 3 3 3 3 3 3 3 3 3 3 3 3 3 3 3 3 3 3 3 3 3 3 3 3 3 3 3 3 3 3 3 3 3 3 3 3 3 3 3 3 3 3 3 3 3 3 3 3 3 3 3 3 3 3 3 3 3 3 3 3 3 3 3 3 3 3 3 3 3 3 3 3 3 3 3 3 3 3 3 3 3 3 3 3 3 3 3 3 3 3 3 3 3 3 3 3 3 3 3 3 3 3 3 3 3 3 3 3 3 3 3 3 3 3 3 3 3 3 3 3 3 3 3 3 3 3 3 3 3 3 3 3 3 3 3 3 3 3 3 3 3 3 3 3 3 3 3 3 3 3 3 3 3 3 3 3 3 3 3 3 3 3 3 3 3 3 3 3 3 3 3 3 3 3 3 3 3 3 3 3 3 3 3 3 3 3 3 3 3 3 3 3 3 3 3 3 3 3 3 3 3 3 3 3 3 3 3 3 3 3 3 3 3 3 3 3 3 3 3 3 3 3 3 3 3 3 3 3 3 3 3 3 3 3 3 3 3 3 3 3 3 3 3 3 3 3 3 3 3 3 3 3 3 3 3 3 3 3 3 3 3 3 3 3 3 3 3 3 3 3 3 3 3 3 3 3 3 3 3 3 3 3 3 3 3 3 3 3 3 3 3 3 3 3 3 3 3 3 3 3 3 3 3 3 3 3 3 3 3 3 3 3 3 3 3 3 3 3 3 3 3 3 3 3 3 3 3 3 3 3 3 3 3 3 3 3 3 3 3 3 3 3 3 3 3 3 3 3 3 3 3 3 3 3 3 3 3 3 3 3 3 3 3 3 3 3 3 3 3 3 3 3 3 3 3 3 3 3 3 3 3 3 3 3 3 3 3 3 3 3 3 3 3 3 3 3 3 3 3 3 3 3 3 3 3 3 3 3 3 3 3 3 3 3 3 3 3 3 3 3 3 3 3 3 3 3 3 3 3 3 3 3 3 3 3 3 3 3 3 3 3 3 3 3 3 3 3 3 3 3 3 3 3 3 3 3 3 3 3 3 3 3 3 3 3 3 3 3 3 3 3 3 3 3 3 3 3 3 3 
6 6 6 6 6 6 6 6 6 6 6 6 6 6 6 6 6 6 6 6 6 6 6 6 6 6 6 6 6 6 6 6 6 6 6 6 6 6 6 6 6 6 6 6 6 6 6 6 6 6 6 6 6 6 6 6 6 6 6 6 6 6 6 6 6 6 6 6 6 6 6 6 6 6 6 6 6 6 6 6 6 6 6 6 6 6 6 6 6 6 6 6 6 6 6 6 6 6 6 6 6 6 6 6 6 6 6 6 6 6 6 6 6 6 6 6 6 6 6 6 6 6 6 6 6 6 6 6 6 6 6 6 6 6 6 6 6 6 6 6 6 6 6 6 6 6 6 6 6 6 6 6 6 6 6 6 6 6 6 6 6 6 6 6 6 6 6 6 6 6 6 6 6 6 6 6 6 6 6 6 6 6 6 6 6 6 6 6 6 6 6 6 6 6 6 6 6 6 6 6 6 6 6 6 6 6 6 6 6 6 6 6 6 6 6 6 6 6 6 6 6 6 6 6 6 6 6 6 6 6 6 6 6 6 6 6 6 6 6 6 6 6 6 6 6 6 6 6 6 6 6 6 6 6 6 6 6 6 6 6 6 6 6 6 6 6 6 6 6 6 6 6 6 6 6 6 6 6 6 6 6 6 6 6 6 6 6 6 6 6 6 6 6 6 6 6 6 6 6 6 6 6 6 6 6 6 6 6 6 6 6 6 6 6 6 6 6 6 6 6 6 6 6 6 6 6 6 6 6 6 6 6 6 6 6 6 6 6 6 6 6 6 6 6 6 6 6 6 6 6 6 6 6 6 6 6 6 6 6 6 6 6 6 6 6 6 6 6 6 6 6 6 6 6 6 6 6 6 6 6 6 6 6 6 6 6 6 6 6 6 6 6 6 6 6 6 6 6 6 6 6 6 6 6 6 6 6 6 
57	253	348
33	140	340
133	173	349
34	209	405
58	249	397
72	227	301
66	250	404
23	189	391
12	218	392
42	238	319
118	157	344
132	201	387
50	179	376
75	199	325
108	204	382
78	207	306
46	232	365
135	246	316
21	137	315
73	264	390
134	161	282
25	200	407
7	224	333
113	178	342
122	168	299
92	216	300
52	195	285
32	186	374
82	258	288
104	228	281
49	271	402
130	242	328
89	172	312
2	260	364
63	208	284
131	158	375
83	243	373
16	252	329
35	138	331
18	150	320
56	213	274
120	181	279
43	269	406
88	196	283
71	259	273
111	176	309
85	241	359
4	212	347
101	143	295
107	263	326
13	190	389
30	222	353
65	185	318
98	230	357
67	223	354
97	193	336
84	202	358
55	162	385
68	210	308
51	152	287
116	147	291
100	154	394
102	231	381
81	235	363
99	261	352
117	237	361
93	272	401
10	214	384
94	221	378
26	144	395
69	146	379
6	217	292
14	205	372
125	247	296
62	164	360
112	183	332
9	262	396
74	141	311
106	198	286
19	160	367
28	175	322
11	239	339
8	166	369
15	225	297
29	254	400
27	174	307
48	177	293
126	233	314
3	219	371
87	187	345
90	153	334
59	170	341
54	203	317
119	211	362
41	182	338
129	234	408
37	155	346
31	169	294
22	240	343
91	145	330
53	265	403
95	251	356
124	148	323
79	156	388
115	266	399
105	220	398
80	191	302
60	165	366
77	197	380
121	159	305
61	151	335
109	244	298
17	194	313
128	149	303
96	171	337
70	180	327
38	142	350
103	257	304
24	188	321
40	163	276
20	255	386
114	206	393
86	139	275
36	226	383
127	268	289
5	267	280
110	236	377
123	184	351
45	215	278
64	248	324
47	167	368
76	270	277
39	192	355
136	245	310
44	229	370
1	256	290
136	159	283
18	233	301
119	172	333
101	259	342
81	164	408
13	165	344
74	153	305
35	150	396
2	155	399
86	149	349
67	232	352
92	242	379
129	272	336
22	190	281
111	268	322
46	193	335
91	207	407
95	271	290
118	212	286
10	175	296
107	249	330
11	171	405
14	148	280
52	191	313
131	209	288
24	187	341
113	203	326
44	160	402
115	178	350
6	188	381
66	170	277
134	139	347
1	266	406
80	168	383
9	201	353
50	185	339
121	184	299
130	198	401
41	157	390
37	262	345
85	230	354
79	146	395
8	237	317
76	253	340
27	228	363
93	247	403
54	152	324
33	169	285
97	223	400
5	260	318
36	231	372
127	239	308
98	263	276
83	250	359
84	158	370
100	225	404
42	154	362
124	167	394
88	218	355
71	220	360
72	243	316
112	258	382
47	163	315
82	204	274
123	261	298
99	210	384
114	145	289
65	162	393
106	226	309
40	195	378
23	140	292
62	143	311
60	248	278
108	216	369
34	251	295
53	245	391
56	246	374
120	227	351
43	199	377
61	221	282
25	224	294
55	202	357
125	213	334
73	229	297
29	264	367
19	252	371
59	234	273
90	217	366
21	254	329
12	192	397
68	206	388
78	138	368
75	196	314
28	177	380
39	182	323
128	161	320
38	244	321
20	256	385
109	222	287
63	142	373
94	208	328
49	180	398
64	255	331
122	174	343
58	194	375
7	238	303
103	166	332
51	151	338
26	240	361
77	200	386
126	215	327
69	219	358
15	179	319
105	211	356
17	265	284
16	176	364
117	236	348
110	241	291
45	257	389
116	183	325
57	267	387
4	186	306
3	156	279
32	137	307
133	269	376
70	235	293
96	270	275
87	141	302
89	147	392
135	214	346
132	144	365
31	197	337
104	189	300
30	173	304
48	205	310
102	181	312
31	255	307
12	259	313
46	196	299
8	199	290
74	260	396
79	157	358
55	250	329
24	262	367
131	238	273
99	166	278
111	189	277
6	231	335
77	148	369
57	251	399
58	211	406
62	269	383
7	226	280
101	202	287
36	252	276
100	216	322
78	270	298
129	197	366
21	228	387
121	187	295
26	173	274
3	164	300
92	156	332
72	220	365
81	139	286
96	249	403
76	218	378
19	258	324
22	188	357
41	143	379
11	241	351
17	152	279
63	194	391
47	215	334
33	263	315
122	204	301
126	140	353
10	176	331
34	268	360
38	185	337
119	168	341
1	240	354
68	183	328
83	219	377
104	146	305
69	266	349
18	158	359
136	213	333
51	248	398
49	167	314
70	272	350
39	191	327
113	175	308
9	267	372
90	178	384
97	221	326
125	142	407
30	237	364
23	222	302
16	201	371
45	243	294
28	264	292
94	165	374
85	217	344
128	169	356
88	181	296
112	239	316
5	141	395
95	223	373
84	172	363
66	208	303
67	236	380
87	150	283
44	161	346
133	145	389
120	170	394
64	138	402
105	206	291
110	232	297
91	190	338
43	247	330
25	195	355
116	203	390
107	171	320
60	227	352
123	160	405
93	244	318
89	200	317
13	182	312
115	163	370
80	261	397
134	180	339
132	257	393
50	154	336
52	179	400
37	233	382
103	162	284
98	265	311
124	174	408
56	198	361
14	242	325
48	256	386
29	224	376
15	230	310
114	246	342
53	151	348
109	155	304
130	177	309
65	225	285
102	253	362
117	234	293
135	212	282
75	137	321
20	209	347
118	192	281
42	210	289
54	184	368
106	186	323
4	159	404
86	214	381
35	235	306
71	245	388
40	147	343
2	144	345
59	153	375
127	207	288
27	271	401
61	149	275
82	229	385
108	254	319
32	193	392
73	205	340
86	166	402
59	237	274
3	194	387
92	248	382
129	271	313
71	184	285
132	263	361
102	249	293
46	173	384
22	247	406
135	145	325
44	183	398
77	170	305
114	156	308
121	140	376
63	169	351
17	209	399
19	244	368
117	196	302
69	220	281
124	153	294
84	149	357
81	189	370
56	165	360
58	137	356
24	268	358
36	243	347
5	206	341
123	190	296
23	171	407
31	158	344
96	262	374
97	192	315
15	148	350
119	197	306
111	232	362
116	238	403
95	185	379
122	259	348
54	151	342
118	208	278
20	163	390
108	200	345
6	168	324
32	224	286
16	245	343
78	267	273
80	138	337
39	255	391
65	222	372
115	188	335
48	157	383
2	191	330
76	241	364
93	160	304
28	150	392
126	155	279
62	210	307
67	235	322
120	240	311
51	226	326
1	152	401
85	146	318
70	239	352
125	167	300
7	198	327
127	159	373
37	172	367
113	234	359
74	261	323
14	203	408
34	218	289
101	181	339
53	251	371
105	233	363
35	162	328
82	182	336
104	199	275
75	174	333
57	264	353
68	180	287
79	219	298
26	141	346
73	214	334
33	236	338
131	177	331
42	217	396
60	266	378
98	175	301
83	246	388
128	201	314
38	228	283
13	215	284
90	142	297
47	265	366
87	269	389
11	154	380
66	147	385
4	260	365
55	230	292
130	193	288
30	242	400
88	250	280
91	161	405
103	252	354
12	223	290
43	212	404
10	139	332
40	178	320
25	204	395
45	270	312
72	213	309
29	179	291
9	256	375
94	143	329
107	229	340
100	187	299
112	205	394
136	227	316
64	257	397
52	231	319
41	144	349
21	258	277
134	164	386
49	272	377
110	211	355
109	216	303
99	254	310
8	207	321
61	176	317
106	225	276
133	253	381
89	186	295
50	195	393
18	202	282
27	221	369
42	230	404
131	152	281
70	271	383
21	224	407
135	218	332
96	189	399
79	186	380
108	210	282
2	199	344
24	249	390
136	196	298
33	206	277
67	246	275
71	237	402
37	190	358
10	179	369
93	255	367
18	223	297
113	170	319
104	258	294
41	264	374
14	175	333
95	174	341
73	201	305
44	137	405
64	250	364
38	236	317
46	239	309
49	147	280
15	182	291
25	146	331
35	229	403
63	247	368
76	144	350
88	202	406
123	191	391
62	198	340
60	155	299
40	254	300
109	211	316
85	178	353
98	145	345
22	205	335
19	272	396
99	215	289
118	140	308
50	159	355
1	139	292
66	265	334
56	267	306
12	238	283
121	194	290
68	177	276
132	245	329
84	154	349
59	253	392
133	157	286
27	240	348
16	243	339
122	221	352
87	268	354
106	209	328
61	192	384
94	225	393
74	213	303
51	176	363
13	171	323
72	172	371
54	252	366
11	219	394
58	165	387
82	166	287
65	248	378
119	242	376
91	162	310
124	261	400
31	143	362
26	169	338
20	149	343
48	188	285
28	241	395
100	150	326
3	167	397
77	141	342
78	161	361
111	207	304
5	183	359
101	256	381
92	204	372
52	156	336
130	222	314
4	184	302
110	200	357
23	185	346
6	235	288
45	260	301
107	160	293
80	180	351
57	195	307
112	214	324
102	193	273
89	203	311
134	142	360
7	164	320
117	257	330
86	138	370
53	148	274
29	269	373
127	226	321
105	158	385
39	153	318
36	151	327
126	263	389
75	220	386
17	208	365
120	259	278
103	168	325
90	244	296
8	262	347
47	251	337
116	234	382
9	227	379
97	232	284
69	163	279
81	212	295
43	228	322
129	266	388
30	197	356
128	216	313
32	187	312
55	173	375
114	181	377
34	233	408
115	270	401
125	231	315
83	217	398
105	224	290
3	271	274
113	195	386
61	173	300
111	158	286
79	160	366
106	245	371
52	259	352
84	159	345
107	253	295
108	156	350
34	201	383
28	222	355
90	189	344
97	171	299
44	144	326
80	251	372
48	184	388
83	226	381
54	221	308
95	244	405
47	256	382
96	148	305
88	214	374
73	137	293
29	155	406
128	225	384
98	232	325
2	231	320
57	162	390
114	212	292
21	220	328
62	268	329
85	206	304
17	235	376
19	247	339
18	198	379
66	203	294
75	250	337
129	179	309
50	138	334
7	163	287
32	257	394
20	266	332
39	176	392
103	152	389
136	249	380
15	269	378
55	141	359
30	200	373
9	241	368
26	238	278
89	246	298
10	218	330
69	157	327
93	252	316
38	172	275
64	183	289
112	161	348
126	181	370
1	270	284
100	267	319
74	204	365
82	193	340
22	228	354
42	151	306
131	210	362
71	211	407
77	174	358
123	227	313
60	207	387
70	229	377
135	197	399
99	168	283
118	217	395
78	254	343
5	146	408
41	194	323
124	260	336
117	145	322
8	167	367
37	242	403
16	234	397
25	142	356
31	140	311
109	180	385
35	236	393
101	216	307
133	263	346
56	143	363
132	264	402
53	248	291
127	223	401
120	233	398
110	237	391
36	219	312
134	175	279
23	205	288
81	178	318
58	262	301
63	272	404
122	239	396
13	186	333
40	139	361
130	154	273
6	240	276
119	188	375
72	187	315
11	191	277
43	255	317
125	190	341
121	208	369
27	213	351
115	215	342
104	147	349
45	170	364
102	192	353
65	182	347
12	166	400
86	165	280
14	261	281
46	150	302
49	230	335
91	209	321
4	185	314
51	265	360
33	243	357
24	196	285
59	202	338
94	149	310
67	177	297
92	164	282
87	169	303
116	258	331
68	199	324
76	153	296
136	169	318	470	592	741
34	145	400	461	553	709
89	259	298	411	627	682
48	258	395	507	636	805
126	186	344	436	631	757
72	166	284	452	639	786
23	242	289	474	648	722
83	179	276	537	663	761
77	171	330	522	666	731
68	156	314	516	560	734
82	158	307	505	614	789
9	226	274	514	595	799
51	142	365	501	611	783
73	159	377	479	566	801
84	249	380	442	574	728
38	252	336	454	603	763
113	251	308	425	659	715
40	138	323	543	562	717
80	222	304	426	588	716
121	234	390	450	623	724
19	225	295	531	548	712
99	150	305	418	587	745
8	207	335	438	638	778
119	162	280	434	554	808
22	217	358	518	575	764
70	245	297	491	622	732
86	181	403	544	602	793
81	230	338	464	625	693
85	221	379	521	652	706
52	270	334	510	672	730
98	268	273	439	621	765
28	260	407	453	674	723
2	184	311	493	556	807
4	211	315	480	677	692
39	144	397	484	576	767
124	187	291	435	656	776
97	176	372	476	559	762
117	233	316	500	571	737
133	231	328	457	655	725
120	206	399	517	583	784
95	175	306	530	565	758
10	193	392	495	545	746
43	215	357	515	670	790
135	164	350	420	569	696
129	255	337	519	640	796
17	152	275	417	572	802
131	199	310	503	664	702
87	271	378	460	624	698
31	238	326	533	573	803
13	172	370	542	591	721
60	244	325	469	610	806
27	160	371	529	634	688
101	212	382	482	651	772
93	183	393	448	613	700
58	218	279	508	675	729
41	213	376	432	594	770
1	257	286	488	643	710
5	241	287	433	615	780
92	223	401	410	600	809
108	209	361	496	582	751
111	216	404	538	607	684
75	208	288	466	581	713
35	236	309	424	577	781
130	239	353	528	570	738
53	204	385	458	617	798
7	167	347	506	593	718
55	147	348	467	557	811
59	227	319	489	597	815
71	248	322	428	668	735
116	262	327	472	547	752
45	196	398	414	558	748
6	197	300	520	612	788
20	220	408	492	568	705
78	143	277	478	609	743
14	229	389	487	658	719
132	180	303	462	578	816
109	246	285	421	628	749
16	228	293	455	629	756
104	178	278	490	551	686
107	170	367	456	642	697
64	141	301	431	669	779
29	200	405	485	616	744
37	190	320	498	680	699
57	191	346	430	599	689
47	177	340	471	585	714
123	146	396	409	650	800
90	264	349	504	605	813
44	195	342	511	579	704
33	265	364	541	646	733
91	224	331	502	662	694
100	153	356	512	619	804
26	148	299	412	633	812
67	182	363	463	561	736
69	237	339	523	608	810
102	154	345	446	567	701
115	263	302	440	550	703
56	185	332	441	667	695
54	189	374	497	586	708
65	202	282	536	589	754
62	192	292	525	626	742
49	140	290	481	632	768
63	272	386	416	645	797
118	243	373	513	661	726
30	269	321	486	564	795
106	250	354	483	654	681
79	205	394	539	606	687
50	157	360	524	641	690
15	210	406	451	552	691
112	235	383	535	584	766
127	254	355	534	637	775
46	151	283	444	630	685
76	198	343	526	644	739
24	163	329	477	563	683
122	203	381	422	676	711
105	165	366	459	678	794
61	256	359	445	665	814
66	253	387	427	649	760
11	155	391	449	590	755
94	139	317	443	618	787
42	214	352	468	660	774
110	173	296	423	596	792
25	240	312	447	604	782
128	201	362	437	580	750
103	194	375	429	620	759
74	219	333	473	679	791
88	247	313	465	657	740
125	188	402	475	653	773
114	232	341	499	673	707
96	149	294	413	671	720
32	174	384	509	635	785
36	161	281	494	546	747
12	267	369	415	598	771
3	261	351	540	601	769
21	168	368	532	647	777
18	266	388	419	549	753
134	137	324	527	555	727
19	260	389	433	569	705
39	228	353	456	650	721
123	168	301	516	592	784
2	207	313	423	590	765
78	264	344	491	628	729
117	236	333	502	647	764
49	208	306	523	621	770
70	267	400	530	578	696
100	203	351	419	586	760
71	178	321	471	575	757
61	265	399	506	573	795
103	159	285	442	651	703
114	146	404	430	623	810
40	144	349	464	626	802
111	244	382	448	656	746
60	183	308	470	546	726
91	143	401	429	655	816
62	193	370	505	599	785
97	145	383	465	582	706
104	259	299	422	634	691
11	175	278	460	601	735
36	191	323	439	654	685
110	137	395	475	591	689
80	164	362	463	641	686
21	232	350	512	629	739
58	204	373	484	619	710
120	199	366	450	668	722
75	141	298	532	648	812
108	142	339	432	615	800
83	243	282	409	616	799
131	194	326	473	627	761
25	170	317	452	661	754
98	184	341	424	622	813
92	167	352	421	563	796
115	158	360	438	611	695
33	139	346	476	612	737
3	270	297	417	675	684
86	240	375	487	567	749
81	156	329	497	566	777
46	252	314	538	610	725
87	230	384	494	597	811
24	165	331	517	585	779
13	249	371	521	560	720
116	238	368	489	642	766
42	272	342	481	676	740
95	231	365	485	574	798
76	256	319	420	631	738
128	173	393	414	636	698
53	172	316	446	638	805
28	258	394	541	551	783
90	162	296	525	674	788
119	166	305	459	624	787
8	269	283	431	550	694
51	150	356	437	559	791
107	160	328	461	580	789
133	226	391	441	607	797
56	152	407	509	645	744
113	241	309	411	596	758
27	206	358	542	643	683
44	229	275	427	555	808
109	268	294	443	672	753
79	174	376	474	581	717
14	215	276	486	553	815
22	246	364	451	637	730
12	171	336	499	568	692
57	218	290	543	579	809
93	163	359	479	646	718
15	200	312	518	633	743
73	271	408	526	587	778
122	227	354	436	556	714
16	153	402	537	630	751
35	237	347	449	659	792
4	161	390	425	606	804
59	202	392	466	552	747
94	250	287	534	584	748
48	155	388	515	669	711
41	219	324	520	609	793
68	266	396	492	644	704
129	247	310	501	589	794
26	210	292	535	673	768
72	224	340	495	680	755
9	195	303	480	549	734
89	248	320	490	614	776
106	196	300	428	658	712
69	216	332	544	604	700
52	235	335	458	635	693
55	185	345	514	562	773
23	217	379	453	548	681
84	192	385	539	608	707
124	205	289	469	653	699
6	214	361	527	666	750
30	181	295	500	670	745
135	220	405	524	576	752
54	177	380	508	545	803
63	187	284	529	679	709
17	147	355	444	667	708
88	138	372	483	677	774
96	223	387	477	665	763
64	262	397	467	639	715
127	253	348	493	571	767
66	179	334	410	558	775
10	242	281	445	595	732
82	188	343	472	572	782
99	245	318	468	602	786
47	254	307	462	625	731
32	148	377	510	618	762
37	197	337	435	603	807
112	233	363	426	662	701
134	212	398	454	598	687
18	213	381	498	557	733
74	182	357	418	577	716
130	209	325	412	617	772
5	157	302	416	554	727
7	190	279	511	570	719
102	211	286	482	664	697
38	222	291	513	613	736
1	180	386	540	600	690
85	225	406	536	583	756
121	239	273	457	561	790
136	234	378	522	632	702
118	255	369	528	649	723
29	198	304	531	564	814
45	140	274	447	660	688
34	186	277	507	640	759
65	201	367	478	620	801
77	176	280	440	663	780
50	189	311	415	657	769
20	221	338	488	565	771
101	251	374	503	593	806
105	169	322	496	671	724
126	257	330	455	594	742
125	151	315	434	605	713
43	261	288	504	652	728
132	263	293	519	678	741
31	154	403	413	547	682
67	149	327	533	588	781
45	223	281	455	645	785
41	200	297	410	651	682
123	263	404	486	557	737
120	189	291	539	597	786
132	167	283	531	556	789
129	209	282	449	660	732
42	259	308	465	668	777
126	159	289	511	573	800
30	150	391	428	546	801
21	216	388	543	552	812
44	137	349	500	595	754
35	251	373	501	667	741
27	184	385	414	624	808
79	155	301	453	601	685
60	235	290	489	616	722
29	161	402	509	639	778
125	203	392	480	589	738
136	154	276	514	596	681
61	254	354	521	574	772
72	207	338	508	592	711
87	262	387	416	641	705
98	217	337	429	564	718
49	211	296	541	669	690
74	156	342	437	662	816
84	220	355	502	562	811
112	201	293	490	555	733
25	173	275	525	582	695
26	269	298	473	583	684
6	138	312	497	640	780
107	264	335	427	636	802
114	242	347	535	609	813
118	270	383	463	630	714
110	143	321	421	568	703
16	258	397	443	594	746
86	260	273	466	643	768
59	188	329	422	590	700
46	205	384	520	572	720
134	271	380	536	619	810
78	208	374	468	646	765
33	272	365	519	674	776
113	160	274	413	673	750
88	229	326	499	635	805
19	199	311	441	679	788
18	197	343	527	584	736
93	179	364	538	571	790
53	186	363	471	655	779
10	249	406	529	563	742
40	232	360	517	648	709
119	233	389	537	653	804
81	151	292	467	670	760
103	231	394	478	611	758
130	183	304	452	644	815
14	256	377	419	661	708
50	163	332	469	626	696
116	247	328	474	656	735
32	237	319	484	606	712
38	225	279	523	598	713
100	157	357	461	649	734
39	239	314	494	575	814
76	243	299	516	549	724
23	139	324	487	566	783
91	219	310	492	593	721
111	152	284	459	587	803
56	149	370	485	634	759
115	268	316	456	664	719
95	244	356	493	622	809
82	172	368	481	603	716
2	180	408	524	581	744
92	162	317	436	567	791
24	140	381	448	628	794
99	240	399	454	623	756
11	142	340	439	553	694
90	176	400	451	586	689
97	266	350	491	638	769
48	168	390	435	663	798
1	253	382	447	602	739
3	146	322	530	599	795
117	165	327	442	578	691
128	214	307	424	642	793
65	147	361	472	604	688
52	171	313	488	585	797
55	177	318	513	605	745
133	195	358	534	591	693
102	250	341	433	672	764
54	218	305	430	637	807
57	248	278	434	559	749
47	190	323	477	631	729
75	196	315	432	647	806
66	245	376	415	629	784
94	193	386	444	621	747
64	181	346	483	610	770
34	252	334	462	570	796
17	267	300	507	659	743
108	224	294	503	613	686
80	221	280	476	561	761
131	228	393	426	577	731
83	210	285	544	560	792
135	191	366	431	650	740
89	222	336	482	612	687
73	187	330	458	633	697
37	236	345	475	652	730
28	213	339	440	565	704
36	241	401	522	675	787
13	261	379	423	618	715
127	215	320	533	676	752
69	206	303	496	617	728
71	148	306	446	666	717
109	230	348	505	551	727
63	166	396	540	632	699
15	198	372	412	665	702
124	170	288	460	547	692
68	202	331	417	607	707
58	234	405	506	654	766
121	246	378	532	658	683
12	257	295	411	615	751
104	227	398	498	671	698
51	255	351	504	657	726
20	175	359	450	554	710
8	212	309	457	580	775
9	265	407	464	600	725
122	204	369	542	608	767
62	194	352	526	614	723
70	178	344	518	625	755
77	144	277	495	588	782
5	226	367	528	627	763
106	238	325	420	680	774
105	145	286	425	550	753
85	185	371	510	620	799
67	174	403	470	678	773
31	164	353	409	558	771
101	182	302	445	576	762
7	192	395	515	545	781
4	158	362	512	569	701
43	169	287	418	579	706
22	153	333	438	548	748
96	141	375	479	677	757