1008 504
15 9
2 2 2 2 2 2 2 2 2 2 2 2 2 2 2 2 2 2 2 2 2 2 2 2 2 2 2 2 2 2 2 2 2 2 2 2 2 2 2 2 2 2 2 2 2 2 2 2 2 2 2 2 2 2 2 2 2 2 2 2 2 2 2 2 2 2 2 2 2 2 2 2 2 2 2 2 2 2 2 2 2 2 2 2 2 2 2 2 2 2 2 2 2 2 2 2 2 2 2 2 2 2 2 2 2 2 2 2 2 2 2 2 2 2 2 2 2 2 2 2 2 2 2 2 2 2 2 2 2 2 2 2 2 2 2 2 2 2 2 2 2 2 2 2 2 2 2 2 2 2 2 2 2 2 2 2 2 2 2 2 2 2 2 2 2 2 2 2 2 2 2 2 2 2 2 2 2 2 2 2 2 2 2 2 2 2 2 2 2 2 2 2 2 2 2 2 2 2 2 2 2 2 2 2 2 2 2 2 2 2 2 2 2 2 2 2 2 2 2 2 2 2 2 2 2 2 2 2 2 2 2 2 2 2 2 2 2 2 2 2 2 2 2 2 2 2 2 2 2 2 2 2 2 2 2 2 2 2 2 2 2 2 2 2 2 2 2 2 2 2 2 2 2 2 2 2 2 2 2 2 2 2 2 2 2 2 2 2 2 2 2 2 2 2 2 2 2 2 2 2 2 2 2 2 2 2 2 2 2 2 2 2 2 2 2 2 2 2 2 2 2 2 2 2 2 2 2 2 2 2 2 2 2 2 2 2 2 2 2 2 2 2 2 2 2 2 2 2 2 2 2 2 2 2 2 2 2 2 2 2 2 2 2 2 2 2 2 2 2 2 2 2 2 2 2 2 2 2 2 2 2 2 2 2 2 2 2 2 2 2 2 2 2 2 2 2 2 2 2 2 2 2 2 2 2 2 2 2 2 2 2 2 2 2 2 2 2 2 2 2 2 2 2 2 2 2 2 2 2 2 2 2 2 2 2 2 2 2 2 2 2 2 2 2 2 2 2 2 2 2 2 2 2 2 2 2 2 2 2 2 2 2 2 2 2 2 2 2 2 2 2 2 2 2 2 2 2 2 2 2 2 3 3 3 3 3 3 3 3 3 3 3 3 3 3 3 3 3 3 3 3 3 3 3 3 3 3 3 3 3 3 3 3 3 3 3 3 3 3 3 3 3 3 3 3 3 3 3 3 3 3 3 3 3 3 3 3 3 3 3 3 3 3 3 3 3 3 3 3 3 3 3 3 3 3 3 3 3 3 3 3 3 3 3 3 3 3 3 3 3 3 3 3 3 3 3 3 3 3 3 3 3 3 3 3 3 3 3 3 3 3 3 3 3 3 3 3 3 3 3 3 3 3 3 3 3 3 3 3 3 3 3 3 3 3 3 3 3 3 3 3 3 3 3 3 3 3 3 3 3 3 3 3 3 3 3 3 3 3 3 3 3 3 3 3 3 3 3 3 3 3 3 3 3 3 3 3 3 3 3 3 3 3 3 3 3 3 3 3 3 3 3 3 3 3 3 3 3 3 3 3 3 3 3 3 3 3 3 3 3 3 3 3 3 3 3 3 3 3 3 3 3 3 3 3 3 3 3 3 3 3 3 3 3 3 3 3 3 3 3 3 3 3 3 3 3 3 3 3 3 3 3 3 3 3 3 3 3 3 3 3 3 3 3 3 3 3 3 3 3 3 3 3 3 3 3 3 3 3 3 3 3 3 3 4 4 4 4 4 4 4 4 4 4 4 4 4 4 4 4 4 4 4 4 4 4 4 4 4 4 4 4 4 4 4 4 4 4 4 5 5 5 5 5 5 5 5 5 5 5 5 5 5 5 5 5 5 5 5 5 5 5 5 5 5 5 5 5 5 5 5 5 5 5 5 5 5 5 5 5 5 5 5 5 5 5 5 5 5 5 5 5 5 5 5 5 5 5 5 5 5 5 5 5 5 5 5 5 5 5 5 5 5 5 5 5 5 5 5 5 5 5 5 5 5 5 5 5 5 5 5 5 5 5 5 5 5 7 7 7 7 7 7 7 7 7 14 15 15 15 15 15 15 15 15 15 15 15 15 15 15 15 15 15 15 15 15 15 15 15 15 15 15 15 15 15 15 15 15 15 15 15 15 15 15 15 15 15 15 15 15 15 15 15 15 15 15 15 15 15 15 15 15 15 15 15 15 15 15 15 15 15 15 15 15 15 15 15 15 15 15 15 15 15 15 15 15 15 15 15 15 15 15 15 15 15 15 15 15 15 15 15 15 15 15 15 15 15 
8 8 8 8 8 8 8 8 8 8 8 8 8 8 8 8 8 8 8 8 8 8 8 8 8 8 8 8 8 8 8 8 8 8 8 8 8 8 8 8 8 8 8 8 8 8 8 8 8 8 8 8 8 8 8 8 8 8 8 8 8 8 8 8 8 8 8 8 8 8 8 8 8 8 8 8 8 8 8 8 8 8 8 8 8 8 8 8 8 8 8 8 8 8 8 8 8 8 8 8 8 8 8 8 8 8 8 8 8 8 8 8 8 8 8 8 8 8 8 8 8 8 8 8 8 8 8 8 8 8 8 8 8 8 8 8 8 8 8 8 8 8 8 8 8 8 8 8 8 8 8 8 8 8 8 8 8 8 8 8 8 8 8 8 8 8 8 9 8 8 8 8 8 8 8 8 8 8 8 8 8 8 8 8 8 8 8 8 8 8 8 8 8 8 8 8 8 8 8 8 8 8 8 8 8 8 9 7 8 8 8 8 8 8 8 8 8 8 8 8 8 8 8 8 8 8 8 8 8 8 8 8 8 8 8 8 8 8 8 8 8 8 8 8 8 8 8 8 8 8 8 8 8 8 8 8 8 8 8 8 8 7 8 8 8 8 9 8 8 8 8 8 8 8 8 8 8 8 8 8 8 8 8 8 8 8 8 8 8 8 8 8 8 8 8 8 8 8 8 8 8 8 8 8 8 8 8 8 8 8 8 8 8 8 8 8 8 8 8 8 8 8 8 8 8 8 8 8 8 8 8 8 8 8 8 9 8 8 8 8 8 8 8 8 8 8 8 8 8 8 8 8 8 8 8 8 8 8 8 8 8 8 8 8 8 8 8 8 8 8 8 9 8 8 8 8 8 8 8 8 8 8 8 8 8 8 8 8 8 8 9 8 8 7 8 8 8 8 8 8 8 8 8 8 8 8 8 8 8 8 8 8 8 8 8 8 8 8 8 8 8 8 8 8 8 8 8 8 8 8 8 8 8 8 8 8 7 8 8 8 8 8 8 8 8 8 8 8 8 8 8 8 8 8 8 8 8 8 8 8 8 8 8 8 8 8 8 8 8 8 8 8 8 8 8 8 8 8 8 8 8 8 8 8 8 8 8 8 8 8 8 8 8 8 8 8 8 8 8 8 8 8 7 8 
1	139	0	0	0	0	0	0	0	0	0	0	0	0	0
2	395	0	0	0	0	0	0	0	0	0	0	0	0	0
3	420	0	0	0	0	0	0	0	0	0	0	0	0	0
4	22	0	0	0	0	0	0	0	0	0	0	0	0	0
5	171	0	0	0	0	0	0	0	0	0	0	0	0	0
6	394	0	0	0	0	0	0	0	0	0	0	0	0	0
7	290	0	0	0	0	0	0	0	0	0	0	0	0	0
8	347	0	0	0	0	0	0	0	0	0	0	0	0	0
9	392	0	0	0	0	0	0	0	0	0	0	0	0	0
10	361	0	0	0	0	0	0	0	0	0	0	0	0	0
11	177	0	0	0	0	0	0	0	0	0	0	0	0	0
12	444	0	0	0	0	0	0	0	0	0	0	0	0	0
13	291	0	0	0	0	0	0	0	0	0	0	0	0	0
14	494	0	0	0	0	0	0	0	0	0	0	0	0	0
15	240	0	0	0	0	0	0	0	0	0	0	0	0	0
16	199	0	0	0	0	0	0	0	0	0	0	0	0	0
17	223	0	0	0	0	0	0	0	0	0	0	0	0	0
18	369	0	0	0	0	0	0	0	0	0	0	0	0	0
19	39	0	0	0	0	0	0	0	0	0	0	0	0	0
20	366	0	0	0	0	0	0	0	0	0	0	0	0	0
21	411	0	0	0	0	0	0	0	0	0	0	0	0	0
23	434	0	0	0	0	0	0	0	0	0	0	0	0	0
24	457	0	0	0	0	0	0	0	0	0	0	0	0	0
25	103	0	0	0	0	0	0	0	0	0	0	0	0	0
26	466	0	0	0	0	0	0	0	0	0	0	0	0	0
27	30	0	0	0	0	0	0	0	0	0	0	0	0	0
28	323	0	0	0	0	0	0	0	0	0	0	0	0	0
29	383	0	0	0	0	0	0	0	0	0	0	0	0	0
31	370	0	0	0	0	0	0	0	0	0	0	0	0	0
32	304	0	0	0	0	0	0	0	0	0	0	0	0	0
33	293	0	0	0	0	0	0	0	0	0	0	0	0	0
34	144	0	0	0	0	0	0	0	0	0	0	0	0	0
35	475	0	0	0	0	0	0	0	0	0	0	0	0	0
36	380	0	0	0	0	0	0	0	0	0	0	0	0	0
37	406	0	0	0	0	0	0	0	0	0	0	0	0	0
38	111	0	0	0	0	0	0	0	0	0	0	0	0	0
40	46	0	0	0	0	0	0	0	0	0	0	0	0	0
41	209	0	0	0	0	0	0	0	0	0	0	0	0	0
42	107	0	0	0	0	0	0	0	0	0	0	0	0	0
43	405	0	0	0	0	0	0	0	0	0	0	0	0	0
44	119	0	0	0	0	0	0	0	0	0	0	0	0	0
45	98	0	0	0	0	0	0	0	0	0	0	0	0	0
47	143	0	0	0	0	0	0	0	0	0	0	0	0	0
48	110	0	0	0	0	0	0	0	0	0	0	0	0	0
49	211	0	0	0	0	0	0	0	0	0	0	0	0	0
50	228	0	0	0	0	0	0	0	0	0	0	0	0	0
51	200	0	0	0	0	0	0	0	0	0	0	0	0	0
52	501	0	0	0	0	0	0	0	0	0	0	0	0	0
53	186	0	0	0	0	0	0	0	0	0	0	0	0	0
54	204	0	0	0	0	0	0	0	0	0	0	0	0	0
55	316	0	0	0	0	0	0	0	0	0	0	0	0	0
56	447	0	0	0	0	0	0	0	0	0	0	0	0	0
57	256	0	0	0	0	0	0	0	0	0	0	0	0	0
58	435	0	0	0	0	0	0	0	0	0	0	0	0	0
59	421	0	0	0	0	0	0	0	0	0	0	0	0	0
60	78	0	0	0	0	0	0	0	0	0	0	0	0	0
61	69	0	0	0	0	0	0	0	0	0	0	0	0	0
62	309	0	0	0	0	0	0	0	0	0	0	0	0	0
63	322	0	0	0	0	0	0	0	0	0	0	0	0	0
64	298	0	0	0	0	0	0	0	0	0	0	0	0	0
65	492	0	0	0	0	0	0	0	0	0	0	0	0	0
66	462	0	0	0	0	0	0	0	0	0	0	0	0	0
67	182	0	0	0	0	0	0	0	0	0	0	0	0	0
68	125	0	0	0	0	0	0	0	0	0	0	0	0	0
70	77	0	0	0	0	0	0	0	0	0	0	0	0	0
71	72	0	0	0	0	0	0	0	0	0	0	0	0	0
73	472	0	0	0	0	0	0	0	0	0	0	0	0	0
74	220	0	0	0	0	0	0	0	0	0	0	0	0	0
75	337	0	0	0	0	0	0	0	0	0	0	0	0	0
76	400	0	0	0	0	0	0	0	0	0	0	0	0	0
79	245	0	0	0	0	0	0	0	0	0	0	0	0	0
80	263	0	0	0	0	0	0	0	0	0	0	0	0	0
81	496	0	0	0	0	0	0	0	0	0	0	0	0	0
82	431	0	0	0	0	0	0	0	0	0	0	0	0	0
83	192	0	0	0	0	0	0	0	0	0	0	0	0	0
84	271	0	0	0	0	0	0	0	0	0	0	0	0	0
85	114	0	0	0	0	0	0	0	0	0	0	0	0	0
86	336	0	0	0	0	0	0	0	0	0	0	0	0	0
87	451	0	0	0	0	0	0	0	0	0	0	0	0	0
88	152	0	0	0	0	0	0	0	0	0	0	0	0	0
89	331	0	0	0	0	0	0	0	0	0	0	0	0	0
90	189	0	0	0	0	0	0	0	0	0	0	0	0	0
91	218	0	0	0	0	0	0	0	0	0	0	0	0	0
92	122	0	0	0	0	0	0	0	0	0	0	0	0	0
93	99	0	0	0	0	0	0	0	0	0	0	0	0	0
94	351	0	0	0	0	0	0	0	0	0	0	0	0	0
95	258	0	0	0	0	0	0	0	0	0	0	0	0	0
96	285	0	0	0	0	0	0	0	0	0	0	0	0	0
97	318	0	0	0	0	0	0	0	0	0	0	0	0	0
100	269	0	0	0	0	0	0	0	0	0	0	0	0	0
101	396	0	0	0	0	0	0	0	0	0	0	0	0	0
102	252	0	0	0	0	0	0	0	0	0	0	0	0	0
104	161	0	0	0	0	0	0	0	0	0	0	0	0	0
105	113	0	0	0	0	0	0	0	0	0	0	0	0	0
106	363	0	0	0	0	0	0	0	0	0	0	0	0	0
108	332	0	0	0	0	0	0	0	0	0	0	0	0	0
109	314	0	0	0	0	0	0	0	0	0	0	0	0	0
112	329	0	0	0	0	0	0	0	0	0	0	0	0	0
115	202	0	0	0	0	0	0	0	0	0	0	0	0	0
116	334	0	0	0	0	0	0	0	0	0	0	0	0	0
117	168	0	0	0	0	0	0	0	0	0	0	0	0	0
118	484	0	0	0	0	0	0	0	0	0	0	0	0	0
120	238	0	0	0	0	0	0	0	0	0	0	0	0	0
121	365	0	0	0	0	0	0	0	0	0	0	0	0	0
123	203	0	0	0	0	0	0	0	0	0	0	0	0	0
124	443	0	0	0	0	0	0	0	0	0	0	0	0	0
126	306	0	0	0	0	0	0	0	0	0	0	0	0	0
127	433	0	0	0	0	0	0	0	0	0	0	0	0	0
128	390	0	0	0	0	0	0	0	0	0	0	0	0	0
129	358	0	0	0	0	0	0	0	0	0	0	0	0	0
130	159	0	0	0	0	0	0	0	0	0	0	0	0	0
131	456	0	0	0	0	0	0	0	0	0	0	0	0	0
132	244	0	0	0	0	0	0	0	0	0	0	0	0	0
133	295	0	0	0	0	0	0	0	0	0	0	0	0	0
134	206	0	0	0	0	0	0	0	0	0	0	0	0	0
135	250	0	0	0	0	0	0	0	0	0	0	0	0	0
136	320	0	0	0	0	0	0	0	0	0	0	0	0	0
137	216	0	0	0	0	0	0	0	0	0	0	0	0	0
138	379	0	0	0	0	0	0	0	0	0	0	0	0	0
140	297	0	0	0	0	0	0	0	0	0	0	0	0	0
141	319	0	0	0	0	0	0	0	0	0	0	0	0	0
142	353	0	0	0	0	0	0	0	0	0	0	0	0	0
145	156	0	0	0	0	0	0	0	0	0	0	0	0	0
146	236	0	0	0	0	0	0	0	0	0	0	0	0	0
147	231	0	0	0	0	0	0	0	0	0	0	0	0	0
148	480	0	0	0	0	0	0	0	0	0	0	0	0	0
149	403	0	0	0	0	0	0	0	0	0	0	0	0	0
150	346	0	0	0	0	0	0	0	0	0	0	0	0	0
151	308	0	0	0	0	0	0	0	0	0	0	0	0	0
153	292	0	0	0	0	0	0	0	0	0	0	0	0	0
154	410	0	0	0	0	0	0	0	0	0	0	0	0	0
155	450	0	0	0	0	0	0	0	0	0	0	0	0	0
157	367	0	0	0	0	0	0	0	0	0	0	0	0	0
158	483	0	0	0	0	0	0	0	0	0	0	0	0	0
160	474	0	0	0	0	0	0	0	0	0	0	0	0	0
162	283	0	0	0	0	0	0	0	0	0	0	0	0	0
163	464	0	0	0	0	0	0	0	0	0	0	0	0	0
164	208	0	0	0	0	0	0	0	0	0	0	0	0	0
165	468	0	0	0	0	0	0	0	0	0	0	0	0	0
166	239	0	0	0	0	0	0	0	0	0	0	0	0	0
167	254	0	0	0	0	0	0	0	0	0	0	0	0	0
169	311	0	0	0	0	0	0	0	0	0	0	0	0	0
170	497	0	0	0	0	0	0	0	0	0	0	0	0	0
172	212	0	0	0	0	0	0	0	0	0	0	0	0	0
173	325	0	0	0	0	0	0	0	0	0	0	0	0	0
174	488	0	0	0	0	0	0	0	0	0	0	0	0	0
175	262	0	0	0	0	0	0	0	0	0	0	0	0	0
176	381	0	0	0	0	0	0	0	0	0	0	0	0	0
178	477	0	0	0	0	0	0	0	0	0	0	0	0	0
179	376	0	0	0	0	0	0	0	0	0	0	0	0	0
180	373	0	0	0	0	0	0	0	0	0	0	0	0	0
181	490	0	0	0	0	0	0	0	0	0	0	0	0	0
183	458	0	0	0	0	0	0	0	0	0	0	0	0	0
184	191	0	0	0	0	0	0	0	0	0	0	0	0	0
185	354	0	0	0	0	0	0	0	0	0	0	0	0	0
187	248	0	0	0	0	0	0	0	0	0	0	0	0	0
188	270	0	0	0	0	0	0	0	0	0	0	0	0	0
190	393	0	0	0	0	0	0	0	0	0	0	0	0	0
193	326	0	0	0	0	0	0	0	0	0	0	0	0	0
194	221	0	0	0	0	0	0	0	0	0	0	0	0	0
195	441	0	0	0	0	0	0	0	0	0	0	0	0	0
196	374	0	0	0	0	0	0	0	0	0	0	0	0	0
197	305	0	0	0	0	0	0	0	0	0	0	0	0	0
198	247	0	0	0	0	0	0	0	0	0	0	0	0	0
201	493	0	0	0	0	0	0	0	0	0	0	0	0	0
205	422	0	0	0	0	0	0	0	0	0	0	0	0	0
207	260	0	0	0	0	0	0	0	0	0	0	0	0	0
210	413	0	0	0	0	0	0	0	0	0	0	0	0	0
213	489	0	0	0	0	0	0	0	0	0	0	0	0	0
214	427	0	0	0	0	0	0	0	0	0	0	0	0	0
215	344	0	0	0	0	0	0	0	0	0	0	0	0	0
217	414	0	0	0	0	0	0	0	0	0	0	0	0	0
219	428	0	0	0	0	0	0	0	0	0	0	0	0	0
222	229	0	0	0	0	0	0	0	0	0	0	0	0	0
224	372	0	0	0	0	0	0	0	0	0	0	0	0	0
225	481	0	0	0	0	0	0	0	0	0	0	0	0	0
226	227	0	0	0	0	0	0	0	0	0	0	0	0	0
230	436	0	0	0	0	0	0	0	0	0	0	0	0	0
232	362	0	0	0	0	0	0	0	0	0	0	0	0	0
233	487	0	0	0	0	0	0	0	0	0	0	0	0	0
234	294	0	0	0	0	0	0	0	0	0	0	0	0	0
235	442	0	0	0	0	0	0	0	0	0	0	0	0	0
237	280	0	0	0	0	0	0	0	0	0	0	0	0	0
241	246	0	0	0	0	0	0	0	0	0	0	0	0	0
242	415	0	0	0	0	0	0	0	0	0	0	0	0	0
243	446	0	0	0	0	0	0	0	0	0	0	0	0	0
249	286	0	0	0	0	0	0	0	0	0	0	0	0	0
251	284	0	0	0	0	0	0	0	0	0	0	0	0	0
253	299	0	0	0	0	0	0	0	0	0	0	0	0	0
255	281	0	0	0	0	0	0	0	0	0	0	0	0	0
257	459	0	0	0	0	0	0	0	0	0	0	0	0	0
259	296	0	0	0	0	0	0	0	0	0	0	0	0	0
261	401	0	0	0	0	0	0	0	0	0	0	0	0	0
264	265	0	0	0	0	0	0	0	0	0	0	0	0	0
266	310	0	0	0	0	0	0	0	0	0	0	0	0	0
267	389	0	0	0	0	0	0	0	0	0	0	0	0	0
268	335	0	0	0	0	0	0	0	0	0	0	0	0	0
272	343	0	0	0	0	0	0	0	0	0	0	0	0	0
273	301	0	0	0	0	0	0	0	0	0	0	0	0	0
274	398	0	0	0	0	0	0	0	0	0	0	0	0	0
275	386	0	0	0	0	0	0	0	0	0	0	0	0	0
276	426	0	0	0	0	0	0	0	0	0	0	0	0	0
277	330	0	0	0	0	0	0	0	0	0	0	0	0	0
278	328	0	0	0	0	0	0	0	0	0	0	0	0	0
279	317	0	0	0	0	0	0	0	0	0	0	0	0	0
282	388	0	0	0	0	0	0	0	0	0	0	0	0	0
287	460	0	0	0	0	0	0	0	0	0	0	0	0	0
288	356	0	0	0	0	0	0	0	0	0	0	0	0	0
289	503	0	0	0	0	0	0	0	0	0	0	0	0	0
300	471	0	0	0	0	0	0	0	0	0	0	0	0	0
302	485	0	0	0	0	0	0	0	0	0	0	0	0	0
303	377	0	0	0	0	0	0	0	0	0	0	0	0	0
307	412	0	0	0	0	0	0	0	0	0	0	0	0	0
312	455	0	0	0	0	0	0	0	0	0	0	0	0	0
313	407	0	0	0	0	0	0	0	0	0	0	0	0	0
315	438	0	0	0	0	0	0	0	0	0	0	0	0	0
321	478	0	0	0	0	0	0	0	0	0	0	0	0	0
324	469	0	0	0	0	0	0	0	0	0	0	0	0	0
327	504	0	0	0	0	0	0	0	0	0	0	0	0	0
333	357	0	0	0	0	0	0	0	0	0	0	0	0	0
338	341	0	0	0	0	0	0	0	0	0	0	0	0	0
339	416	0	0	0	0	0	0	0	0	0	0	0	0	0
340	482	0	0	0	0	0	0	0	0	0	0	0	0	0
342	465	0	0	0	0	0	0	0	0	0	0	0	0	0
345	461	0	0	0	0	0	0	0	0	0	0	0	0	0
348	454	0	0	0	0	0	0	0	0	0	0	0	0	0
349	375	0	0	0	0	0	0	0	0	0	0	0	0	0
350	495	0	0	0	0	0	0	0	0	0	0	0	0	0
352	423	0	0	0	0	0	0	0	0	0	0	0	0	0
355	448	0	0	0	0	0	0	0	0	0	0	0	0	0
359	453	0	0	0	0	0	0	0	0	0	0	0	0	0
360	491	0	0	0	0	0	0	0	0	0	0	0	0	0
364	417	0	0	0	0	0	0	0	0	0	0	0	0	0
368	476	0	0	0	0	0	0	0	0	0	0	0	0	0
371	385	0	0	0	0	0	0	0	0	0	0	0	0	0
378	463	0	0	0	0	0	0	0	0	0	0	0	0	0
382	429	0	0	0	0	0	0	0	0	0	0	0	0	0
384	449	0	0	0	0	0	0	0	0	0	0	0	0	0
387	452	0	0	0	0	0	0	0	0	0	0	0	0	0
391	408	0	0	0	0	0	0	0	0	0	0	0	0	0
397	430	0	0	0	0	0	0	0	0	0	0	0	0	0
399	419	0	0	0	0	0	0	0	0	0	0	0	0	0
402	445	0	0	0	0	0	0	0	0	0	0	0	0	0
404	486	0	0	0	0	0	0	0	0	0	0	0	0	0
409	479	0	0	0	0	0	0	0	0	0	0	0	0	0
418	467	0	0	0	0	0	0	0	0	0	0	0	0	0
424	440	0	0	0	0	0	0	0	0	0	0	0	0	0
425	500	0	0	0	0	0	0	0	0	0	0	0	0	0
432	473	0	0	0	0	0	0	0	0	0	0	0	0	0
437	439	0	0	0	0	0	0	0	0	0	0	0	0	0
470	502	0	0	0	0	0	0	0	0	0	0	0	0	0
498	499	0	0	0	0	0	0	0	0	0	0	0	0	0
1	129	0	0	0	0	0	0	0	0	0	0	0	0	0
2	416	0	0	0	0	0	0	0	0	0	0	0	0	0
3	265	0	0	0	0	0	0	0	0	0	0	0	0	0
4	308	0	0	0	0	0	0	0	0	0	0	0	0	0
5	475	0	0	0	0	0	0	0	0	0	0	0	0	0
6	191	0	0	0	0	0	0	0	0	0	0	0	0	0
7	396	0	0	0	0	0	0	0	0	0	0	0	0	0
8	170	0	0	0	0	0	0	0	0	0	0	0	0	0
9	193	0	0	0	0	0	0	0	0	0	0	0	0	0
10	306	0	0	0	0	0	0	0	0	0	0	0	0	0
11	421	0	0	0	0	0	0	0	0	0	0	0	0	0
12	499	0	0	0	0	0	0	0	0	0	0	0	0	0
13	414	0	0	0	0	0	0	0	0	0	0	0	0	0
14	363	0	0	0	0	0	0	0	0	0	0	0	0	0
15	162	0	0	0	0	0	0	0	0	0	0	0	0	0
16	100	0	0	0	0	0	0	0	0	0	0	0	0	0
17	164	0	0	0	0	0	0	0	0	0	0	0	0	0
18	349	0	0	0	0	0	0	0	0	0	0	0	0	0
19	319	0	0	0	0	0	0	0	0	0	0	0	0	0
20	127	0	0	0	0	0	0	0	0	0	0	0	0	0
21	312	0	0	0	0	0	0	0	0	0	0	0	0	0
22	121	0	0	0	0	0	0	0	0	0	0	0	0	0
23	463	0	0	0	0	0	0	0	0	0	0	0	0	0
24	131	0	0	0	0	0	0	0	0	0	0	0	0	0
25	142	0	0	0	0	0	0	0	0	0	0	0	0	0
26	390	0	0	0	0	0	0	0	0	0	0	0	0	0
27	68	0	0	0	0	0	0	0	0	0	0	0	0	0
28	31	0	0	0	0	0	0	0	0	0	0	0	0	0
29	261	0	0	0	0	0	0	0	0	0	0	0	0	0
30	290	0	0	0	0	0	0	0	0	0	0	0	0	0
32	405	0	0	0	0	0	0	0	0	0	0	0	0	0
33	105	0	0	0	0	0	0	0	0	0	0	0	0	0
34	210	0	0	0	0	0	0	0	0	0	0	0	0	0
35	282	0	0	0	0	0	0	0	0	0	0	0	0	0
36	231	0	0	0	0	0	0	0	0	0	0	0	0	0
37	44	0	0	0	0	0	0	0	0	0	0	0	0	0
38	346	0	0	0	0	0	0	0	0	0	0	0	0	0
39	230	0	0	0	0	0	0	0	0	0	0	0	0	0
40	94	0	0	0	0	0	0	0	0	0	0	0	0	0
41	352	0	0	0	0	0	0	0	0	0	0	0	0	0
42	449	0	0	0	0	0	0	0	0	0	0	0	0	0
43	348	0	0	0	0	0	0	0	0	0	0	0	0	0
45	412	0	0	0	0	0	0	0	0	0	0	0	0	0
46	479	0	0	0	0	0	0	0	0	0	0	0	0	0
47	183	0	0	0	0	0	0	0	0	0	0	0	0	0
48	269	0	0	0	0	0	0	0	0	0	0	0	0	0
49	89	0	0	0	0	0	0	0	0	0	0	0	0	0
50	246	0	0	0	0	0	0	0	0	0	0	0	0	0
51	481	0	0	0	0	0	0	0	0	0	0	0	0	0
52	436	0	0	0	0	0	0	0	0	0	0	0	0	0
53	239	0	0	0	0	0	0	0	0	0	0	0	0	0
54	267	0	0	0	0	0	0	0	0	0	0	0	0	0
55	324	0	0	0	0	0	0	0	0	0	0	0	0	0
56	260	0	0	0	0	0	0	0	0	0	0	0	0	0
57	459	0	0	0	0	0	0	0	0	0	0	0	0	0
58	122	0	0	0	0	0	0	0	0	0	0	0	0	0
59	401	0	0	0	0	0	0	0	0	0	0	0	0	0
60	408	0	0	0	0	0	0	0	0	0	0	0	0	0
61	259	0	0	0	0	0	0	0	0	0	0	0	0	0
62	190	0	0	0	0	0	0	0	0	0	0	0	0	0
63	388	0	0	0	0	0	0	0	0	0	0	0	0	0
64	75	0	0	0	0	0	0	0	0	0	0	0	0	0
65	380	0	0	0	0	0	0	0	0	0	0	0	0	0
66	284	0	0	0	0	0	0	0	0	0	0	0	0	0
67	301	0	0	0	0	0	0	0	0	0	0	0	0	0
69	135	0	0	0	0	0	0	0	0	0	0	0	0	0
70	116	0	0	0	0	0	0	0	0	0	0	0	0	0
71	112	0	0	0	0	0	0	0	0	0	0	0	0	0
72	471	0	0	0	0	0	0	0	0	0	0	0	0	0
73	447	0	0	0	0	0	0	0	0	0	0	0	0	0
74	398	0	0	0	0	0	0	0	0	0	0	0	0	0
76	151	0	0	0	0	0	0	0	0	0	0	0	0	0
77	256	0	0	0	0	0	0	0	0	0	0	0	0	0
78	350	0	0	0	0	0	0	0	0	0	0	0	0	0
79	318	0	0	0	0	0	0	0	0	0	0	0	0	0
80	322	0	0	0	0	0	0	0	0	0	0	0	0	0
81	216	0	0	0	0	0	0	0	0	0	0	0	0	0
82	367	0	0	0	0	0	0	0	0	0	0	0	0	0
83	158	0	0	0	0	0	0	0	0	0	0	0	0	0
84	446	0	0	0	0	0	0	0	0	0	0	0	0	0
85	354	0	0	0	0	0	0	0	0	0	0	0	0	0
86	478	0	0	0	0	0	0	0	0	0	0	0	0	0
87	504	0	0	0	0	0	0	0	0	0	0	0	0	0
88	247	0	0	0	0	0	0	0	0	0	0	0	0	0
90	146	0	0	0	0	0	0	0	0	0	0	0	0	0
91	147	0	0	0	0	0	0	0	0	0	0	0	0	0
92	171	0	0	0	0	0	0	0	0	0	0	0	0	0
93	197	0	0	0	0	0	0	0	0	0	0	0	0	0
95	235	0	0	0	0	0	0	0	0	0	0	0	0	0
96	392	0	0	0	0	0	0	0	0	0	0	0	0	0
97	347	0	0	0	0	0	0	0	0	0	0	0	0	0
98	203	0	0	0	0	0	0	0	0	0	0	0	0	0
99	321	0	0	0	0	0	0	0	0	0	0	0	0	0
101	474	0	0	0	0	0	0	0	0	0	0	0	0	0
102	488	0	0	0	0	0	0	0	0	0	0	0	0	0
103	107	0	0	0	0	0	0	0	0	0	0	0	0	0
104	404	0	0	0	0	0	0	0	0	0	0	0	0	0
106	382	0	0	0	0	0	0	0	0	0	0	0	0	0
108	341	0	0	0	0	0	0	0	0	0	0	0	0	0
109	444	0	0	0	0	0	0	0	0	0	0	0	0	0
110	399	0	0	0	0	0	0	0	0	0	0	0	0	0
111	407	0	0	0	0	0	0	0	0	0	0	0	0	0
113	377	0	0	0	0	0	0	0	0	0	0	0	0	0
114	448	0	0	0	0	0	0	0	0	0	0	0	0	0
115	125	0	0	0	0	0	0	0	0	0	0	0	0	0
117	325	0	0	0	0	0	0	0	0	0	0	0	0	0
118	167	0	0	0	0	0	0	0	0	0	0	0	0	0
119	453	0	0	0	0	0	0	0	0	0	0	0	0	0
120	465	0	0	0	0	0	0	0	0	0	0	0	0	0
123	227	0	0	0	0	0	0	0	0	0	0	0	0	0
124	331	0	0	0	0	0	0	0	0	0	0	0	0	0
126	292	0	0	0	0	0	0	0	0	0	0	0	0	0
128	262	0	0	0	0	0	0	0	0	0	0	0	0	0
130	485	0	0	0	0	0	0	0	0	0	0	0	0	0
132	273	0	0	0	0	0	0	0	0	0	0	0	0	0
133	495	0	0	0	0	0	0	0	0	0	0	0	0	0
134	211	0	0	0	0	0	0	0	0	0	0	0	0	0
136	213	0	0	0	0	0	0	0	0	0	0	0	0	0
137	417	0	0	0	0	0	0	0	0	0	0	0	0	0
138	316	0	0	0	0	0	0	0	0	0	0	0	0	0
139	492	0	0	0	0	0	0	0	0	0	0	0	0	0
140	351	0	0	0	0	0	0	0	0	0	0	0	0	0
141	343	0	0	0	0	0	0	0	0	0	0	0	0	0
143	460	0	0	0	0	0	0	0	0	0	0	0	0	0
144	461	0	0	0	0	0	0	0	0	0	0	0	0	0
145	228	0	0	0	0	0	0	0	0	0	0	0	0	0
148	310	0	0	0	0	0	0	0	0	0	0	0	0	0
149	387	0	0	0	0	0	0	0	0	0	0	0	0	0
150	152	0	0	0	0	0	0	0	0	0	0	0	0	0
153	205	0	0	0	0	0	0	0	0	0	0	0	0	0
154	457	0	0	0	0	0	0	0	0	0	0	0	0	0
155	243	0	0	0	0	0	0	0	0	0	0	0	0	0
156	184	0	0	0	0	0	0	0	0	0	0	0	0	0
157	175	0	0	0	0	0	0	0	0	0	0	0	0	0
159	472	0	0	0	0	0	0	0	0	0	0	0	0	0
160	397	0	0	0	0	0	0	0	0	0	0	0	0	0
161	383	0	0	0	0	0	0	0	0	0	0	0	0	0
163	281	0	0	0	0	0	0	0	0	0	0	0	0	0
165	320	0	0	0	0	0	0	0	0	0	0	0	0	0
166	440	0	0	0	0	0	0	0	0	0	0	0	0	0
168	174	0	0	0	0	0	0	0	0	0	0	0	0	0
169	272	0	0	0	0	0	0	0	0	0	0	0	0	0
172	245	0	0	0	0	0	0	0	0	0	0	0	0	0
173	242	0	0	0	0	0	0	0	0	0	0	0	0	0
176	220	0	0	0	0	0	0	0	0	0	0	0	0	0
177	456	0	0	0	0	0	0	0	0	0	0	0	0	0
178	360	0	0	0	0	0	0	0	0	0	0	0	0	0
179	252	0	0	0	0	0	0	0	0	0	0	0	0	0
180	452	0	0	0	0	0	0	0	0	0	0	0	0	0
181	419	0	0	0	0	0	0	0	0	0	0	0	0	0
182	379	0	0	0	0	0	0	0	0	0	0	0	0	0
185	489	0	0	0	0	0	0	0	0	0	0	0	0	0
186	376	0	0	0	0	0	0	0	0	0	0	0	0	0
187	299	0	0	0	0	0	0	0	0	0	0	0	0	0
188	291	0	0	0	0	0	0	0	0	0	0	0	0	0
189	248	0	0	0	0	0	0	0	0	0	0	0	0	0
192	431	0	0	0	0	0	0	0	0	0	0	0	0	0
194	501	0	0	0	0	0	0	0	0	0	0	0	0	0
195	286	0	0	0	0	0	0	0	0	0	0	0	0	0
196	361	0	0	0	0	0	0	0	0	0	0	0	0	0
198	288	0	0	0	0	0	0	0	0	0	0	0	0	0
199	365	0	0	0	0	0	0	0	0	0	0	0	0	0
200	493	0	0	0	0	0	0	0	0	0	0	0	0	0
201	309	0	0	0	0	0	0	0	0	0	0	0	0	0
202	502	0	0	0	0	0	0	0	0	0	0	0	0	0
204	432	0	0	0	0	0	0	0	0	0	0	0	0	0
206	332	0	0	0	0	0	0	0	0	0	0	0	0	0
207	423	0	0	0	0	0	0	0	0	0	0	0	0	0
208	311	0	0	0	0	0	0	0	0	0	0	0	0	0
209	237	0	0	0	0	0	0	0	0	0	0	0	0	0
212	393	0	0	0	0	0	0	0	0	0	0	0	0	0
214	342	0	0	0	0	0	0	0	0	0	0	0	0	0
215	411	0	0	0	0	0	0	0	0	0	0	0	0	0
217	435	0	0	0	0	0	0	0	0	0	0	0	0	0
218	275	0	0	0	0	0	0	0	0	0	0	0	0	0
219	264	0	0	0	0	0	0	0	0	0	0	0	0	0
221	497	0	0	0	0	0	0	0	0	0	0	0	0	0
222	426	0	0	0	0	0	0	0	0	0	0	0	0	0
223	372	0	0	0	0	0	0	0	0	0	0	0	0	0
224	274	0	0	0	0	0	0	0	0	0	0	0	0	0
225	233	0	0	0	0	0	0	0	0	0	0	0	0	0
226	415	0	0	0	0	0	0	0	0	0	0	0	0	0
229	451	0	0	0	0	0	0	0	0	0	0	0	0	0
232	375	0	0	0	0	0	0	0	0	0	0	0	0	0
234	329	0	0	0	0	0	0	0	0	0	0	0	0	0
236	257	0	0	0	0	0	0	0	0	0	0	0	0	0
238	473	0	0	0	0	0	0	0	0	0	0	0	0	0
240	287	0	0	0	0	0	0	0	0	0	0	0	0	0
241	298	0	0	0	0	0	0	0	0	0	0	0	0	0
244	285	0	0	0	0	0	0	0	0	0	0	0	0	0
249	357	0	0	0	0	0	0	0	0	0	0	0	0	0
250	395	0	0	0	0	0	0	0	0	0	0	0	0	0
251	422	0	0	0	0	0	0	0	0	0	0	0	0	0
253	470	0	0	0	0	0	0	0	0	0	0	0	0	0
254	462	0	0	0	0	0	0	0	0	0	0	0	0	0
255	294	0	0	0	0	0	0	0	0	0	0	0	0	0
258	366	0	0	0	0	0	0	0	0	0	0	0	0	0
263	484	0	0	0	0	0	0	0	0	0	0	0	0	0
266	327	0	0	0	0	0	0	0	0	0	0	0	0	0
268	486	0	0	0	0	0	0	0	0	0	0	0	0	0
270	295	0	0	0	0	0	0	0	0	0	0	0	0	0
271	443	0	0	0	0	0	0	0	0	0	0	0	0	0
276	406	0	0	0	0	0	0	0	0	0	0	0	0	0
277	450	0	0	0	0	0	0	0	0	0	0	0	0	0
278	480	0	0	0	0	0	0	0	0	0	0	0	0	0
279	425	0	0	0	0	0	0	0	0	0	0	0	0	0
280	381	0	0	0	0	0	0	0	0	0	0	0	0	0
283	339	0	0	0	0	0	0	0	0	0	0	0	0	0
289	467	0	0	0	0	0	0	0	0	0	0	0	0	0
293	389	0	0	0	0	0	0	0	0	0	0	0	0	0
296	356	0	0	0	0	0	0	0	0	0	0	0	0	0
297	454	0	0	0	0	0	0	0	0	0	0	0	0	0
300	441	0	0	0	0	0	0	0	0	0	0	0	0	0
302	304	0	0	0	0	0	0	0	0	0	0	0	0	0
303	355	0	0	0	0	0	0	0	0	0	0	0	0	0
305	369	0	0	0	0	0	0	0	0	0	0	0	0	0
307	330	0	0	0	0	0	0	0	0	0	0	0	0	0
313	438	0	0	0	0	0	0	0	0	0	0	0	0	0
314	358	0	0	0	0	0	0	0	0	0	0	0	0	0
315	469	0	0	0	0	0	0	0	0	0	0	0	0	0
317	353	0	0	0	0	0	0	0	0	0	0	0	0	0
323	458	0	0	0	0	0	0	0	0	0	0	0	0	0
326	482	0	0	0	0	0	0	0	0	0	0	0	0	0
328	466	0	0	0	0	0	0	0	0	0	0	0	0	0
333	336	0	0	0	0	0	0	0	0	0	0	0	0	0
334	344	0	0	0	0	0	0	0	0	0	0	0	0	0
335	424	0	0	0	0	0	0	0	0	0	0	0	0	0
337	430	0	0	0	0	0	0	0	0	0	0	0	0	0
338	413	0	0	0	0	0	0	0	0	0	0	0	0	0
340	402	427	0	0	0	0	0	0	0	0	0	0	0	0
345	386	491	0	0	0	0	0	0	0	0	0	0	0	0
359	400	403	0	0	0	0	0	0	0	0	0	0	0	0
362	442	477	0	0	0	0	0	0	0	0	0	0	0	0
364	370	500	0	0	0	0	0	0	0	0	0	0	0	0
368	437	483	0	0	0	0	0	0	0	0	0	0	0	0
371	391	496	0	0	0	0	0	0	0	0	0	0	0	0
373	374	378	0	0	0	0	0	0	0	0	0	0	0	0
384	394	494	0	0	0	0	0	0	0	0	0	0	0	0
385	418	498	0	0	0	0	0	0	0	0	0	0	0	0
409	420	429	0	0	0	0	0	0	0	0	0	0	0	0
410	468	487	0	0	0	0	0	0	0	0	0	0	0	0
424	428	439	0	0	0	0	0	0	0	0	0	0	0	0
433	436	455	0	0	0	0	0	0	0	0	0	0	0	0
244	434	464	0	0	0	0	0	0	0	0	0	0	0	0
101	271	445	0	0	0	0	0	0	0	0	0	0	0	0
5	99	476	0	0	0	0	0	0	0	0	0	0	0	0
339	381	490	0	0	0	0	0	0	0	0	0	0	0	0
355	503	504	0	0	0	0	0	0	0	0	0	0	0	0
1	173	407	0	0	0	0	0	0	0	0	0	0	0	0
2	11	502	0	0	0	0	0	0	0	0	0	0	0	0
3	245	359	0	0	0	0	0	0	0	0	0	0	0	0
4	57	108	0	0	0	0	0	0	0	0	0	0	0	0
6	198	462	0	0	0	0	0	0	0	0	0	0	0	0
7	43	270	0	0	0	0	0	0	0	0	0	0	0	0
8	98	143	0	0	0	0	0	0	0	0	0	0	0	0
9	169	390	0	0	0	0	0	0	0	0	0	0	0	0
10	56	293	0	0	0	0	0	0	0	0	0	0	0	0
12	100	195	0	0	0	0	0	0	0	0	0	0	0	0
13	200	231	0	0	0	0	0	0	0	0	0	0	0	0
14	17	136	0	0	0	0	0	0	0	0	0	0	0	0
15	18	301	0	0	0	0	0	0	0	0	0	0	0	0
16	19	241	0	0	0	0	0	0	0	0	0	0	0	0
20	186	472	0	0	0	0	0	0	0	0	0	0	0	0
21	24	426	0	0	0	0	0	0	0	0	0	0	0	0
22	353	432	0	0	0	0	0	0	0	0	0	0	0	0
23	60	104	0	0	0	0	0	0	0	0	0	0	0	0
25	138	297	0	0	0	0	0	0	0	0	0	0	0	0
26	168	248	0	0	0	0	0	0	0	0	0	0	0	0
27	72	80	0	0	0	0	0	0	0	0	0	0	0	0
28	82	275	0	0	0	0	0	0	0	0	0	0	0	0
29	150	210	0	0	0	0	0	0	0	0	0	0	0	0
30	97	148	0	0	0	0	0	0	0	0	0	0	0	0
31	69	430	0	0	0	0	0	0	0	0	0	0	0	0
32	86	398	0	0	0	0	0	0	0	0	0	0	0	0
33	92	450	0	0	0	0	0	0	0	0	0	0	0	0
34	333	393	0	0	0	0	0	0	0	0	0	0	0	0
35	216	344	0	0	0	0	0	0	0	0	0	0	0	0
36	156	162	0	0	0	0	0	0	0	0	0	0	0	0
37	205	469	0	0	0	0	0	0	0	0	0	0	0	0
38	342	448	0	0	0	0	0	0	0	0	0	0	0	0
39	331	479	0	0	0	0	0	0	0	0	0	0	0	0
40	41	255	0	0	0	0	0	0	0	0	0	0	0	0
42	227	239	0	0	0	0	0	0	0	0	0	0	0	0
44	157	399	0	0	0	0	0	0	0	0	0	0	0	0
45	134	233	0	0	0	0	0	0	0	0	0	0	0	0
46	146	217	0	0	0	0	0	0	0	0	0	0	0	0
47	385	423	0	0	0	0	0	0	0	0	0	0	0	0
48	185	268	0	0	0	0	0	0	0	0	0	0	0	0
49	356	374	0	0	0	0	0	0	0	0	0	0	0	0
50	102	282	0	0	0	0	0	0	0	0	0	0	0	0
51	85	258	0	0	0	0	0	0	0	0	0	0	0	0
52	83	495	0	0	0	0	0	0	0	0	0	0	0	0
53	96	250	0	0	0	0	0	0	0	0	0	0	0	0
54	456	477	0	0	0	0	0	0	0	0	0	0	0	0
55	221	253	0	0	0	0	0	0	0	0	0	0	0	0
58	261	425	0	0	0	0	0	0	0	0	0	0	0	0
59	109	387	0	0	0	0	0	0	0	0	0	0	0	0
61	112	197	0	0	0	0	0	0	0	0	0	0	0	0
62	126	208	0	0	0	0	0	0	0	0	0	0	0	0
63	120	372	0	0	0	0	0	0	0	0	0	0	0	0
64	167	377	0	0	0	0	0	0	0	0	0	0	0	0
65	77	446	0	0	0	0	0	0	0	0	0	0	0	0
66	281	302	0	0	0	0	0	0	0	0	0	0	0	0
67	264	451	0	0	0	0	0	0	0	0	0	0	0	0
68	175	338	0	0	0	0	0	0	0	0	0	0	0	0
70	130	278	0	0	0	0	0	0	0	0	0	0	0	0
71	325	457	0	0	0	0	0	0	0	0	0	0	0	0
73	165	453	0	0	0	0	0	0	0	0	0	0	0	0
74	326	412	0	0	0	0	0	0	0	0	0	0	0	0
75	76	408	0	0	0	0	0	0	0	0	0	0	0	0
78	442	482	0	0	0	0	0	0	0	0	0	0	0	0
79	280	475	0	0	0	0	0	0	0	0	0	0	0	0
81	188	438	0	0	0	0	0	0	0	0	0	0	0	0
84	424	461	0	0	0	0	0	0	0	0	0	0	0	0
87	294	311	0	0	0	0	0	0	0	0	0	0	0	0
88	160	194	0	0	0	0	0	0	0	0	0	0	0	0
89	375	469	0	0	0	0	0	0	0	0	0	0	0	0
90	249	449	0	0	0	0	0	0	0	0	0	0	0	0
91	343	403	0	0	0	0	0	0	0	0	0	0	0	0
93	121	363	0	0	0	0	0	0	0	0	0	0	0	0
94	115	252	0	0	0	0	0	0	0	0	0	0	0	0
95	263	379	0	0	0	0	0	0	0	0	0	0	0	0
103	181	467	0	0	0	0	0	0	0	0	0	0	0	0
105	299	332	0	0	0	0	0	0	0	0	0	0	0	0
106	161	328	0	0	0	0	0	0	0	0	0	0	0	0
107	180	201	0	0	0	0	0	0	0	0	0	0	0	0
110	247	330	0	0	0	0	0	0	0	0	0	0	0	0
111	236	483	0	0	0	0	0	0	0	0	0	0	0	0
113	240	314	0	0	0	0	0	0	0	0	0	0	0	0
114	251	458	0	0	0	0	0	0	0	0	0	0	0	0
116	192	444	0	0	0	0	0	0	0	0	0	0	0	0
117	443	490	0	0	0	0	0	0	0	0	0	0	0	0
118	166	406	0	0	0	0	0	0	0	0	0	0	0	0
119	228	427	0	0	0	0	0	0	0	0	0	0	0	0
122	222	224	0	0	0	0	0	0	0	0	0	0	0	0
123	234	295	0	0	0	0	0	0	0	0	0	0	0	0
124	223	285	0	0	0	0	0	0	0	0	0	0	0	0
125	361	439	0	0	0	0	0	0	0	0	0	0	0	0
127	287	478	0	0	0	0	0	0	0	0	0	0	0	0
128	454	455	0	0	0	0	0	0	0	0	0	0	0	0
129	190	204	0	0	0	0	0	0	0	0	0	0	0	0
131	152	352	0	0	0	0	0	0	0	0	0	0	0	0
132	300	317	0	0	0	0	0	0	0	0	0	0	0	0
133	238	447	0	0	0	0	0	0	0	0	0	0	0	0
135	212	291	0	0	0	0	0	0	0	0	0	0	0	0
137	267	489	0	0	0	0	0	0	0	0	0	0	0	0
139	170	319	0	0	0	0	0	0	0	0	0	0	0	0
140	380	410	0	0	0	0	0	0	0	0	0	0	0	0
141	215	394	0	0	0	0	0	0	0	0	0	0	0	0
142	345	347	0	0	0	0	0	0	0	0	0	0	0	0
144	191	350	0	0	0	0	0	0	0	0	0	0	0	0
145	310	415	0	0	0	0	0	0	0	0	0	0	0	0
147	471	501	0	0	0	0	0	0	0	0	0	0	0	0
149	257	396	0	0	0	0	0	0	0	0	0	0	0	0
151	203	488	0	0	0	0	0	0	0	0	0	0	0	0
153	404	459	0	0	0	0	0	0	0	0	0	0	0	0
154	304	486	0	0	0	0	0	0	0	0	0	0	0	0
155	199	458	0	0	0	0	0	0	0	0	0	0	0	0
158	225	416	0	0	0	0	0	0	0	0	0	0	0	0
159	176	279	0	0	0	0	0	0	0	0	0	0	0	0
163	316	476	0	0	0	0	0	0	0	0	0	0	0	0
164	235	499	0	0	0	0	0	0	0	0	0	0	0	0
171	184	376	0	0	0	0	0	0	0	0	0	0	0	0
172	187	351	0	0	0	0	0	0	0	0	0	0	0	0
174	178	284	0	0	0	0	0	0	0	0	0	0	0	0
177	266	296	0	0	0	0	0	0	0	0	0	0	0	0
179	303	474	0	0	0	0	0	0	0	0	0	0	0	0
182	260	357	0	0	0	0	0	0	0	0	0	0	0	0
183	196	348	0	0	0	0	0	0	0	0	0	0	0	0
189	365	417	0	0	0	0	0	0	0	0	0	0	0	0
193	369	386	0	0	0	0	0	0	0	0	0	0	0	0
202	218	269	0	0	0	0	0	0	0	0	0	0	0	0
206	429	465	0	0	0	0	0	0	0	0	0	0	0	0
207	256	392	0	0	0	0	0	0	0	0	0	0	0	0
209	213	452	0	0	0	0	0	0	0	0	0	0	0	0
211	289	364	0	0	0	0	0	0	0	0	0	0	0	0
214	309	312	0	0	0	0	0	0	0	0	0	0	0	0
219	433	496	0	0	0	0	0	0	0	0	0	0	0	0
220	337	384	0	0	0	0	0	0	0	0	0	0	0	0
226	265	323	0	0	0	0	0	0	0	0	0	0	0	0
229	463	497	0	0	0	0	0	0	0	0	0	0	0	0
230	360	383	0	0	0	0	0	0	0	0	0	0	0	0
232	318	397	0	0	0	0	0	0	0	0	0	0	0	0
237	286	341	0	0	0	0	0	0	0	0	0	0	0	0
242	307	464	0	0	0	0	0	0	0	0	0	0	0	0
243	349	388	0	0	0	0	0	0	0	0	0	0	0	0
246	336	421	0	0	0	0	0	0	0	0	0	0	0	0
254	290	409	0	0	0	0	0	0	0	0	0	0	0	0
259	262	334	0	0	0	0	0	0	0	0	0	0	0	0
272	422	435	0	0	0	0	0	0	0	0	0	0	0	0
43	273	470	0	0	0	0	0	0	0	0	0	0	0	0
274	367	493	0	0	0	0	0	0	0	0	0	0	0	0
276	278	354	0	0	0	0	0	0	0	0	0	0	0	0
180	277	466	0	0	0	0	0	0	0	0	0	0	0	0
152	283	292	0	0	0	0	0	0	0	0	0	0	0	0
288	391	473	0	0	0	0	0	0	0	0	0	0	0	0
9	298	368	0	0	0	0	0	0	0	0	0	0	0	0
305	306	485	0	0	0	0	0	0	0	0	0	0	0	0
308	366	419	0	0	0	0	0	0	0	0	0	0	0	0
313	320	491	0	0	0	0	0	0	0	0	0	0	0	0
315	327	441	0	0	0	0	0	0	0	0	0	0	0	0
321	492	503	0	0	0	0	0	0	0	0	0	0	0	0
322	358	370	0	0	0	0	0	0	0	0	0	0	0	0
324	329	481	0	0	0	0	0	0	0	0	0	0	0	0
335	411	414	0	0	0	0	0	0	0	0	0	0	0	0
139	340	395	0	0	0	0	0	0	0	0	0	0	0	0
346	378	484	0	0	0	0	0	0	0	0	0	0	0	0
236	362	460	0	0	0	0	0	0	0	0	0	0	0	0
371	401	487	0	0	0	0	0	0	0	0	0	0	0	0
83	373	420	0	0	0	0	0	0	0	0	0	0	0	0
336	382	422	0	0	0	0	0	0	0	0	0	0	0	0
389	431	445	0	0	0	0	0	0	0	0	0	0	0	0
307	400	413	0	0	0	0	0	0	0	0	0	0	0	0
281	402	500	0	0	0	0	0	0	0	0	0	0	0	0
237	405	440	0	0	0	0	0	0	0	0	0	0	0	0
418	437	480	0	0	0	0	0	0	0	0	0	0	0	0
61	428	434	0	0	0	0	0	0	0	0	0	0	0	0
160	227	468	0	0	0	0	0	0	0	0	0	0	0	0
325	348	494	0	0	0	0	0	0	0	0	0	0	0	0
220	299	498	0	0	0	0	0	0	0	0	0	0	0	0
1	252	274	0	0	0	0	0	0	0	0	0	0	0	0
2	311	383	0	0	0	0	0	0	0	0	0	0	0	0
3	71	392	0	0	0	0	0	0	0	0	0	0	0	0
4	344	355	0	0	0	0	0	0	0	0	0	0	0	0
5	190	331	0	0	0	0	0	0	0	0	0	0	0	0
6	109	324	0	0	0	0	0	0	0	0	0	0	0	0
7	20	150	0	0	0	0	0	0	0	0	0	0	0	0
8	293	406	0	0	0	0	0	0	0	0	0	0	0	0
10	75	231	0	0	0	0	0	0	0	0	0	0	0	0
11	84	501	0	0	0	0	0	0	0	0	0	0	0	0
12	222	453	0	0	0	0	0	0	0	0	0	0	0	0
13	30	163	0	0	0	0	0	0	0	0	0	0	0	0
14	158	166	0	0	0	0	0	0	0	0	0	0	0	0
15	19	175	0	0	0	0	0	0	0	0	0	0	0	0
16	260	397	0	0	0	0	0	0	0	0	0	0	0	0
17	266	399	0	0	0	0	0	0	0	0	0	0	0	0
18	268	495	0	0	0	0	0	0	0	0	0	0	0	0
21	113	379	0	0	0	0	0	0	0	0	0	0	0	0
22	52	412	0	0	0	0	0	0	0	0	0	0	0	0
23	120	137	0	0	0	0	0	0	0	0	0	0	0	0
24	275	391	0	0	0	0	0	0	0	0	0	0	0	0
25	352	382	0	0	0	0	0	0	0	0	0	0	0	0
26	132	447	0	0	0	0	0	0	0	0	0	0	0	0
27	248	401	0	0	0	0	0	0	0	0	0	0	0	0
28	327	472	0	0	0	0	0	0	0	0	0	0	0	0
29	388	467	0	0	0	0	0	0	0	0	0	0	0	0
31	117	350	0	0	0	0	0	0	0	0	0	0	0	0
32	230	310	0	0	0	0	0	0	0	0	0	0	0	0
33	289	486	0	0	0	0	0	0	0	0	0	0	0	0
34	40	276	0	0	0	0	0	0	0	0	0	0	0	0
35	235	466	0	0	0	0	0	0	0	0	0	0	0	0
36	322	363	0	0	0	0	0	0	0	0	0	0	0	0
37	189	474	0	0	0	0	0	0	0	0	0	0	0	0
38	147	264	0	0	0	0	0	0	0	0	0	0	0	0
39	187	258	0	0	0	0	0	0	0	0	0	0	0	0
41	151	155	0	0	0	0	0	0	0	0	0	0	0	0
42	240	267	0	0	0	0	0	0	0	0	0	0	0	0
44	219	332	0	0	0	0	0	0	0	0	0	0	0	0
45	212	218	0	0	0	0	0	0	0	0	0	0	0	0
46	228	300	0	0	0	0	0	0	0	0	0	0	0	0
47	184	341	0	0	0	0	0	0	0	0	0	0	0	0
48	80	381	0	0	0	0	0	0	0	0	0	0	0	0
49	130	338	0	0	0	0	0	0	0	0	0	0	0	0
50	288	459	0	0	0	0	0	0	0	0	0	0	0	0
51	193	286	0	0	0	0	0	0	0	0	0	0	0	0
53	262	284	0	0	0	0	0	0	0	0	0	0	0	0
54	343	485	0	0	0	0	0	0	0	0	0	0	0	0
55	309	320	0	0	0	0	0	0	0	0	0	0	0	0
56	149	339	0	0	0	0	0	0	0	0	0	0	0	0
57	97	502	0	0	0	0	0	0	0	0	0	0	0	0
58	182	296	0	0	0	0	0	0	0	0	0	0	0	0
59	430	492	0	0	0	0	0	0	0	0	0	0	0	0
60	351	444	0	0	0	0	0	0	0	0	0	0	0	0
62	74	323	0	0	0	0	0	0	0	0	0	0	0	0
63	265	347	0	0	0	0	0	0	0	0	0	0	0	0
64	154	452	0	0	0	0	0	0	0	0	0	0	0	0
65	110	270	0	0	0	0	0	0	0	0	0	0	0	0
66	353	357	0	0	0	0	0	0	0	0	0	0	0	0
67	70	135	0	0	0	0	0	0	0	0	0	0	0	0
68	234	342	0	0	0	0	0	0	0	0	0	0	0	0
69	169	484	0	0	0	0	0	0	0	0	0	0	0	0
72	107	153	0	0	0	0	0	0	0	0	0	0	0	0
73	319	404	0	0	0	0	0	0	0	0	0	0	0	0
76	206	271	0	0	0	0	0	0	0	0	0	0	0	0
77	309	362	0	0	0	0	0	0	0	0	0	0	0	0
78	99	435	0	0	0	0	0	0	0	0	0	0	0	0
79	133	367	0	0	0	0	0	0	0	0	0	0	0	0
81	302	416	0	0	0	0	0	0	0	0	0	0	0	0
82	194	285	0	0	0	0	0	0	0	0	0	0	0	0
85	93	497	0	0	0	0	0	0	0	0	0	0	0	0
86	443	451	0	0	0	0	0	0	0	0	0	0	0	0
87	90	297	0	0	0	0	0	0	0	0	0	0	0	0
88	129	390	0	0	0	0	0	0	0	0	0	0	0	0
89	213	340	0	0	0	0	0	0	0	0	0	0	0	0
91	136	376	0	0	0	0	0	0	0	0	0	0	0	0
92	246	434	0	0	0	0	0	0	0	0	0	0	0	0
94	215	226	0	0	0	0	0	0	0	0	0	0	0	0
95	123	421	0	0	0	0	0	0	0	0	0	0	0	0
96	211	313	0	0	0	0	0	0	0	0	0	0	0	0
98	279	298	0	0	0	0	0	0	0	0	0	0	0	0
100	292	500	0	0	0	0	0	0	0	0	0	0	0	0
101	455	475	0	0	0	0	0	0	0	0	0	0	0	0
102	124	305	0	0	0	0	0	0	0	0	0	0	0	0
6	103	291	0	0	0	0	0	0	0	0	0	0	0	0
104	233	419	0	0	0	0	0	0	0	0	0	0	0	0
105	173	294	0	0	0	0	0	0	0	0	0	0	0	0
106	335	407	0	0	0	0	0	0	0	0	0	0	0	0
108	178	224	0	0	0	0	0	0	0	0	0	0	0	0
111	195	254	0	0	0	0	0	0	0	0	0	0	0	0
112	396	498	0	0	0	0	0	0	0	0	0	0	0	0
114	177	410	0	0	0	0	0	0	0	0	0	0	0	0
115	127	164	0	0	0	0	0	0	0	0	0	0	0	0
116	208	365	405	0	0	0	0	0	0	0	0	0	0	0
118	253	432	478	0	0	0	0	0	0	0	0	0	0	0
119	277	360	368	0	0	0	0	0	0	0	0	0	0	0
121	181	207	427	0	0	0	0	0	0	0	0	0	0	0
122	142	214	225	0	0	0	0	0	0	0	0	0	0	0
125	283	462	489	0	0	0	0	0	0	0	0	0	0	0
126	354	371	409	0	0	0	0	0	0	0	0	0	0	0
128	185	400	442	0	0	0	0	0	0	0	0	0	0	0
131	170	171	441	0	0	0	0	0	0	0	0	0	0	0
134	216	470	493	0	0	0	0	0	0	0	0	0	0	0
138	159	428	479	0	0	0	0	0	0	0	0	0	0	0
140	143	272	464	0	0	0	0	0	0	0	0	0	0	0
141	316	373	488	0	0	0	0	0	0	0	0	0	0	0
144	389	415	448	0	0	0	0	0	0	0	0	0	0	0
145	221	243	334	0	0	0	0	0	0	0	0	0	0	0
146	186	247	465	0	0	0	0	0	0	0	0	0	0	0
148	179	229	413	0	0	0	0	0	0	0	0	0	0	0
156	205	245	346	0	0	0	0	0	0	0	0	0	0	0
157	387	426	438	0	0	0	0	0	0	0	0	0	0	0
161	183	377	393	0	0	0	0	0	0	0	0	0	0	0
162	238	308	499	0	0	0	0	0	0	0	0	0	0	0
165	290	333	349	0	0	0	0	0	0	0	0	0	0	0
167	356	372	449	0	0	0	0	0	0	0	0	0	0	0
168	188	192	318	0	0	0	0	0	0	0	0	0	0	0
172	239	306	504	0	0	0	0	0	0	0	0	0	0	0
174	269	303	329	0	0	0	0	0	0	0	0	0	0	0
176	395	414	448	0	0	0	0	0	0	0	0	0	0	0
191	257	425	463	0	0	0	0	0	0	0	0	0	0	0
196	321	359	386	0	0	0	0	0	0	0	0	0	0	0
197	209	454	473	0	0	0	0	0	0	0	0	0	0	0
198	364	398	471	0	0	0	0	0	0	0	0	0	0	0
199	317	420	482	0	0	0	0	0	0	0	0	0	0	0
200	204	256	450	0	0	0	0	0	0	0	0	0	0	0
201	223	423	503	0	0	0	0	0	0	0	0	0	0	0
202	328	337	417	0	0	0	0	0	0	0	0	0	0	0
203	249	273	433	456	0	0	0	0	0	0	0	0	0	0
210	251	358	384	439	0	0	0	0	0	0	0	0	0	0
217	241	374	446	481	0	0	0	0	0	0	0	0	0	0
232	250	255	418	436	0	0	0	0	0	0	0	0	0	0
242	312	366	430	440	0	0	0	0	0	0	0	0	0	0
244	304	314	345	475	0	0	0	0	0	0	0	0	0	0
259	330	371	445	494	0	0	0	0	0	0	0	0	0	0
162	261	285	326	411	0	0	0	0	0	0	0	0	0	0
263	380	403	431	437	0	0	0	0	0	0	0	0	0	0
11	222	280	394	460	0	0	0	0	0	0	0	0	0	0
74	282	295	457	483	0	0	0	0	0	0	0	0	0	0
9	287	315	487	490	0	0	0	0	0	0	0	0	0	0
108	301	361	402	468	0	0	0	0	0	0	0	0	0	0
153	369	465	477	480	0	0	0	0	0	0	0	0	0	0
157	370	385	461	488	0	0	0	0	0	0	0	0	0	0
142	164	375	378	408	0	0	0	0	0	0	0	0	0	0
57	145	387	429	476	0	0	0	0	0	0	0	0	0	0
419	422	491	496	497	0	0	0	0	0	0	0	0	0	0
1	24	51	130	271	0	0	0	0	0	0	0	0	0	0
2	93	247	338	447	0	0	0	0	0	0	0	0	0	0
3	17	243	258	281	0	0	0	0	0	0	0	0	0	0
4	80	241	367	406	0	0	0	0	0	0	0	0	0	0
5	38	103	116	421	0	0	0	0	0	0	0	0	0	0
7	52	113	124	342	0	0	0	0	0	0	0	0	0	0
8	12	106	262	471	0	0	0	0	0	0	0	0	0	0
10	315	335	413	436	0	0	0	0	0	0	0	0	0	0
13	50	87	88	491	0	0	0	0	0	0	0	0	0	0
14	45	152	248	357	0	0	0	0	0	0	0	0	0	0
15	272	303	353	407	0	0	0	0	0	0	0	0	0	0
16	120	190	325	399	0	0	0	0	0	0	0	0	0	0
18	94	149	330	331	0	0	0	0	0	0	0	0	0	0
19	60	119	150	455	0	0	0	0	0	0	0	0	0	0
20	58	141	231	489	0	0	0	0	0	0	0	0	0	0
21	155	185	318	504	0	0	0	0	0	0	0	0	0	0
22	159	171	383	410	0	0	0	0	0	0	0	0	0	0
23	34	332	466	501	0	0	0	0	0	0	0	0	0	0
25	31	216	310	354	0	0	0	0	0	0	0	0	0	0
26	111	196	200	469	0	0	0	0	0	0	0	0	0	0
27	228	250	323	328	0	0	0	0	0	0	0	0	0	0
28	54	64	173	198	0	0	0	0	0	0	0	0	0	0
29	48	55	139	348	0	0	0	0	0	0	0	0	0	0
30	209	219	274	392	0	0	0	0	0	0	0	0	0	0
32	201	238	329	441	0	0	0	0	0	0	0	0	0	0
33	78	230	401	449	0	0	0	0	0	0	0	0	0	0
35	91	125	207	404	0	0	0	0	0	0	0	0	0	0
36	169	203	302	479	0	0	0	0	0	0	0	0	0	0
37	128	257	467	485	0	0	0	0	0	0	0	0	0	0
39	47	76	137	177	0	0	0	0	0	0	0	0	0	0
40	68	92	390	492	0	0	0	0	0	0	0	0	0	0
41	324	337	347	403	0	0	0	0	0	0	0	0	0	0
42	65	229	472	495	0	0	0	0	0	0	0	0	0	0
43	99	215	284	484	0	0	0	0	0	0	0	0	0	0
44	326	416	445	478	0	0	0	0	0	0	0	0	0	0
46	75	194	212	240	0	0	0	0	0	0	0	0	0	0
49	81	140	147	498	0	0	0	0	0	0	0	0	0	0
53	154	225	307	336	0	0	0	0	0	0	0	0	0	0
56	180	184	297	364	0	0	0	0	0	0	0	0	0	0
59	79	114	211	305	0	0	0	0	0	0	0	0	0	0
61	226	375	380	426	0	0	0	0	0	0	0	0	0	0
62	66	160	181	268	0	0	0	0	0	0	0	0	0	0
63	83	287	320	344	0	0	0	0	0	0	0	0	0	0
67	183	295	366	429	0	0	0	0	0	0	0	0	0	0
69	187	280	389	459	0	0	0	0	0	0	0	0	0	0
70	73	90	299	322	0	0	0	0	0	0	0	0	0	0
71	239	278	288	435	0	0	0	0	0	0	0	0	0	0
72	77	85	127	294	0	0	0	0	0	0	0	0	0	0
82	220	260	382	442	0	0	0	0	0	0	0	0	0	0
84	213	269	273	359	0	0	0	0	0	0	0	0	0	0
86	134	236	317	351	0	0	0	0	0	0	0	0	0	0
89	104	178	253	365	0	0	0	0	0	0	0	0	0	0
95	132	166	179	370	0	0	0	0	0	0	0	0	0	0
96	131	277	350	474	0	0	0	0	0	0	0	0	0	0
97	112	193	208	358	0	0	0	0	0	0	0	0	0	0
98	110	214	245	356	0	0	0	0	0	0	0	0	0	0
100	379	384	415	473	0	0	0	0	0	0	0	0	0	0
101	121	372	414	483	0	0	0	0	0	0	0	0	0	0
12	102	146	227	450	0	0	0	0	0	0	0	0	0	0
105	136	217	339	405	0	0	0	0	0	0	0	0	0	0
107	143	275	290	424	0	0	0	0	0	0	0	0	0	0
109	252	296	308	362	0	0	0	0	0	0	0	0	0	0
115	188	316	363	386	0	0	0	0	0	0	0	0	0	0
117	195	306	476	486	0	0	0	0	0	0	0	0	0	0
118	126	175	202	388	0	0	0	0	0	0	0	0	0	0
122	218	313	396	397	0	0	0	0	0	0	0	0	0	0
123	293	349	423	425	0	0	0	0	0	0	0	0	0	0
129	156	327	464	470	0	0	0	0	0	0	0	0	0	0
133	138	204	400	402	0	0	0	0	0	0	0	0	0	0
135	151	170	289	439	0	0	0	0	0	0	0	0	0	0
144	155	369	398	427	0	0	0	0	0	0	0	0	0	0
148	223	298	301	417	0	0	0	0	0	0	0	0	0	0
158	255	286	346	428	0	0	0	0	0	0	0	0	0	0
161	192	197	266	381	0	0	0	0	0	0	0	0	0	0
163	376	393	482	503	0	0	0	0	0	0	0	0	0	0
165	244	432	480	481	0	0	0	0	0	0	0	0	0	0
167	341	412	444	496	0	0	0	0	0	0	0	0	0	0
168	221	279	440	453	0	0	0	0	0	0	0	0	0	0
172	235	242	446	487	0	0	0	0	0	0	0	0	0	0
85	174	264	267	333	0	0	0	0	0	0	0	0	0	0
176	189	190	254	378	418	458	0	0	0	0	0	0	0	0
182	198	237	314	355	360	443	0	0	0	0	0	0	0	0
186	319	408	431	490	493	500	0	0	0	0	0	0	0	0
191	224	300	321	385	457	502	0	0	0	0	0	0	0	0
199	270	276	343	411	434	468	0	0	0	0	0	0	0	0
33	192	205	368	451	461	494	0	0	0	0	0	0	0	0
206	251	282	340	345	391	499	0	0	0	0	0	0	0	0
210	265	311	334	374	409	456	0	0	0	0	0	0	0	0
93	232	249	256	292	304	361	0	0	0	0	0	0	0	0
31	47	193	233	234	263	283	394	395	420	433	450	452	463	0
219	229	246	275	289	300	312	322	348	352	373	438	448	462	477
10	32	113	158	258	259	261	291	298	321	397	404	454	458	460
3	19	37	40	97	102	235	280	284	313	377	423	437	447	489
1	14	69	77	78	86	180	183	231	247	265	269	305	468	499
2	7	74	116	125	128	163	239	248	324	399	407	415	479	493
4	45	59	81	90	94	154	175	181	196	221	267	288	346	350
5	21	29	44	67	169	177	186	207	224	238	286	328	446	497
6	23	24	57	164	179	213	255	260	268	327	342	388	410	435
8	13	25	39	43	112	127	130	308	317	323	361	461	465	495
9	62	87	107	135	191	195	243	244	271	296	336	380	406	482
11	18	104	151	176	182	184	274	276	292	315	391	430	476	481
15	84	110	117	160	171	187	252	278	347	373	425	436	478	483
16	26	48	91	165	211	257	295	307	355	363	408	428	441	449
17	35	58	70	96	133	205	236	333	337	374	387	390	412	471
20	51	80	88	120	149	209	262	279	303	309	365	389	486	487
22	28	36	49	55	100	157	215	291	339	349	392	400	422	466
27	41	101	105	115	200	245	251	301	302	354	360	421	459	472
30	82	108	118	136	141	172	201	225	314	325	334	335	369	426
34	121	131	132	142	145	173	202	227	341	362	367	401	424	498
38	53	72	109	137	152	220	293	316	340	409	411	432	440	502
42	68	79	89	242	297	319	320	332	353	385	414	444	456	484
46	73	83	95	106	140	144	204	206	223	294	330	357	419	455
50	63	147	189	203	212	270	329	382	383	413	453	475	494	500
52	71	75	139	143	162	178	226	241	273	318	338	364	429	474
54	103	122	185	197	228	230	254	263	285	287	299	366	376	488
56	134	150	159	166	188	194	208	214	249	264	272	281	469	480
60	66	92	98	111	114	153	240	250	311	326	331	370	381	470
61	174	233	290	344	356	359	368	402	405	439	467	473	492	501
64	76	99	119	146	218	253	256	358	371	378	386	434	437	504
65	123	124	168	237	277	310	345	351	377	416	418	427	442	485
126	129	138	148	161	199	261	304	352	372	375	395	443	495	503
93	156	217	234	312	343	384	393	396	398	417	445	454	490	496
4	167	170	210	222	232	259	266	306	379	431	433	438	457	464
78	172	188	216	282	308	338	403	420	444	451	453	460	462	491
45	79	118	165	173	238	240	246	262	264	270	327	394	416	496
24	41	70	75	85	132	189	283	305	309	361	409	415	477	492
68	72	74	91	151	168	187	194	223	329	334	352	422	452	468
15	32	89	130	225	226	245	268	276	379	390	432	463	466	498
1	131	155	207	290	296	346	353	360	381	403	413	417	479	483
2	56	58	83	92	108	137	170	253	284	292	394	398	400	459
3	105	107	140	193	210	230	246	256	314	370	460	476	480	494
5	28	33	80	145	162	175	183	203	266	380	385	386	396	404
6	26	147	220	221	224	277	281	323	336	389	407	414	478	481
7	9	67	73	98	109	178	180	192	304	317	321	383	428	450
8	29	50	66	154	214	248	274	275	283	299	319	393	442	473
10	19	114	128	141	142	156	159	169	181	265	289	358	451	500
11	106	123	127	148	211	231	291	326	348	384	388	399	431	434
12	13	16	23	62	69	97	139	197	294	324	333	351	354	369
14	84	121	184	261	279	287	328	349	382	405	447	456	457	471
17	31	99	129	185	212	269	272	278	320	325	355	410	455	502
18	30	63	64	96	100	247	271	286	312	376	423	427	458	484
20	40	71	81	115	117	126	163	357	368	412	418	440	441	454
21	25	59	60	124	136	160	164	174	244	306	313	419	472	493
22	37	86	104	191	208	239	260	273	285	341	375	402	452	477
27	65	90	111	171	177	235	255	303	307	343	362	429	433	503
34	44	51	103	110	133	134	237	250	322	340	359	364	463	464
35	36	38	42	46	61	82	119	138	153	315	366	401	485	491
39	113	122	135	199	213	227	234	301	311	347	378	462	486	499
43	52	179	190	201	206	300	302	310	316	344	406	425	430	469
47	54	55	77	150	195	202	229	293	330	335	345	374	408	470
48	57	112	120	143	146	161	282	331	339	367	421	439	456	475
49	116	200	242	298	395	411	436	438	449	461	474	482	489	501
53	101	102	144	215	216	222	236	263	288	365	373	397	446	467
76	88	95	176	198	217	249	280	297	342	350	372	420	426	497
87	182	186	219	251	252	257	259	337	356	377	424	435	487	488
94	166	204	232	241	254	258	332	387	391	392	443	445	448	504
125	152	158	167	171	205	209	228	233	243	267	295	371	465	490
82	149	150	157	196	240	292	297	308	310	318	333	363	437	502
3	18	50	56	79	85	98	113	218	296	334	345	348	464	466
1	55	57	123	140	165	199	200	267	369	397	433	440	488	497
2	141	143	160	179	251	281	320	361	372	392	405	411	446	498
4	10	34	67	106	187	214	236	239	282	325	349	386	461	490
5	13	26	58	135	154	166	184	226	290	366	420	438	454	468
6	7	31	91	145	157	172	232	289	328	390	393	409	434	474
8	32	40	93	139	237	264	269	316	346	367	374	453	472	504
9	21	23	41	158	206	220	231	343	350	358	381	387	424	462
11	15	44	54	71	94	107	144	183	205	284	311	417	450	473
12	109	175	212	229	274	309	327	370	375	379	407	419	429	439
14	29	75	92	127	191	204	234	259	307	315	359	418	422	483
16	25	61	73	152	176	210	219	235	250	335	336	341	445	500
17	20	36	159	161	178	198	202	207	285	298	305	416	430	493
19	63	66	70	74	129	146	222	238	338	362	396	400	469	481
22	38	39	45	83	102	128	155	174	201	241	286	319	351	363
24	72	84	87	138	197	253	291	306	360	412	423	448	449	463
27	86	100	116	121	133	223	244	254	270	277	326	342	344	373
28	62	78	95	105	111	112	118	164	221	293	368	443	458	489
30	68	130	249	265	266	279	294	301	331	340	442	478	496	501
33	51	69	122	190	216	243	245	273	278	337	414	415	427	428
35	99	110	115	162	181	186	192	227	230	258	312	452	482	495
37	43	59	96	119	132	163	233	329	330	339	364	385	388	460
42	47	48	97	167	213	246	247	276	287	389	398	399	413	451
46	49	88	108	117	124	173	177	203	260	271	354	403	408	457
52	53	60	76	77	81	209	283	355	383	401	431	435	479	480
64	65	242	257	268	272	302	352	404	426	465	470	471	494	499
80	90	103	104	131	147	168	195	215	313	314	321	384	432	436
89	120	142	185	188	189	196	295	300	304	323	324	377	391	467
101	114	149	180	194	218	228	280	347	356	395	441	444	476	485
125	137	148	224	255	275	288	317	318	332	357	376	382	425	486
126	151	169	211	217	225	256	299	353	406	459	475	487	491	492
134	136	156	170	182	193	248	261	365	371	380	421	455	477	484
153	168	207	252	263	267	303	322	336	372	378	391	402	410	447
1	253	501	673	818	911	946	977	0
2	254	502	674	819	912	947	978	0
3	255	503	675	820	910	948	976	0
4	256	504	676	821	913	940	979	0
5	257	498	677	822	914	949	980	0
6	258	505	678	756	915	950	981	0
7	259	506	679	823	912	951	981	0
8	260	507	680	824	916	952	982	0
9	261	508	649	811	917	951	983	0
10	262	509	681	825	909	953	979	0
11	263	502	682	809	918	954	984	0
12	264	510	683	824	876	955	985	0
13	265	511	684	826	916	955	980	0
14	266	512	685	827	911	956	986	0
15	267	513	686	828	919	945	984	0
16	268	514	687	829	920	955	987	0
17	269	512	688	820	921	957	988	0
18	270	513	689	830	918	958	976	0
19	271	514	686	831	910	953	989	0
20	272	515	679	832	922	959	988	0
21	273	516	690	833	914	960	983	0
4	274	517	691	834	923	961	990	0
22	275	518	692	835	915	955	983	0
23	276	516	693	818	915	943	991	0
24	277	519	694	836	916	960	987	0
25	278	520	695	837	920	950	980	0
26	279	521	696	838	924	962	992	0
27	280	522	697	839	923	949	993	0
28	281	523	698	840	914	952	986	0
26	282	524	684	841	925	958	994	0
29	280	525	699	836	907	957	981	0
30	283	526	700	842	909	945	982	0
31	284	527	701	843	903	949	995	0
32	285	528	702	835	926	963	979	0
33	286	529	703	844	921	964	996	0
34	287	530	704	845	923	964	988	0
35	288	531	705	846	910	961	997	0
36	289	532	706	822	927	964	990	0
19	290	533	707	847	916	965	990	0
37	291	534	702	848	910	959	982	0
38	292	534	708	849	924	943	983	0
39	293	535	709	850	928	964	998	0
40	294	506	643	851	916	966	997	0
41	288	536	710	852	914	963	984	0
42	295	537	711	827	913	942	990	0
37	296	538	712	853	929	964	999	0
43	297	539	713	847	907	967	998	0
44	298	540	714	840	920	968	998	0
45	299	541	715	854	923	969	999	0
46	300	542	716	826	930	952	976	0
47	301	543	717	818	922	963	995	0
48	302	544	691	823	931	966	1000	0
49	303	545	718	855	927	970	1000	0
50	304	546	719	839	932	967	984	0
51	305	547	720	840	923	967	977	0
52	306	509	721	856	933	947	976	0
53	307	504	722	816	915	968	977	0
54	308	548	723	832	921	947	980	0
55	309	549	724	857	913	960	997	0
56	310	518	725	831	934	960	1000	0
57	311	550	669	858	935	964	987	0
58	312	551	726	859	917	955	993	0
59	313	552	727	860	930	958	989	0
60	314	553	728	839	936	958	1001	0
61	315	554	729	850	937	962	1001	0
62	316	555	730	859	934	952	989	0
63	317	556	731	861	914	951	979	0
64	279	557	732	848	928	944	994	0
57	318	525	733	862	911	955	995	0
65	319	558	731	863	921	943	989	0
66	320	559	675	864	931	959	984	0
66	321	521	734	865	927	944	991	0
67	322	560	735	863	929	951	987	0
68	323	561	726	810	912	944	989	0
69	314	562	681	853	931	943	986	0
70	324	562	736	847	936	971	1000	0
65	325	554	737	865	911	967	1000	0
56	326	563	738	843	911	941	993	0
71	327	564	739	857	928	942	976	0
72	328	521	714	821	922	949	1002	0
73	329	565	740	854	913	959	1000	0
74	330	522	741	866	925	964	975	0
75	331	544	662	860	929	947	990	0
76	332	566	682	867	919	956	991	0
77	333	543	742	865	897	943	976	0
78	334	526	743	868	911	961	992	0
79	335	567	744	826	917	972	991	0
80	336	568	745	826	922	971	999	0
81	299	569	746	869	928	945	1003	0
82	337	570	744	863	913	962	1002	0
83	338	571	747	844	920	944	981	0
84	339	527	748	848	934	947	986	0
85	340	572	742	819	906	939	982	0
86	291	573	749	830	913	973	984	0
87	341	574	750	870	929	971	993	0
88	342	545	751	871	921	958	997	0
89	343	524	722	872	910	955	998	0
42	344	507	752	873	934	951	976	0
85	345	498	738	851	936	957	996	0
90	268	510	753	874	923	958	992	0
91	346	497	754	875	924	970	1004	0
92	347	542	755	876	910	970	990	0
24	348	575	756	822	932	963	1002	0
93	349	518	757	869	918	961	1002	0
94	284	576	758	877	924	948	993	0
95	350	577	759	824	929	954	979	0
39	348	578	734	878	917	948	984	0
96	351	504	760	812	925	947	999	0
97	352	549	678	879	927	951	985	0
44	353	579	729	873	919	963	996	0
36	354	580	761	837	934	962	993	0
98	320	550	762	872	916	968	993	0
94	355	581	690	823	909	965	976	0
77	356	582	763	857	934	953	1004	0
99	357	573	764	880	924	959	996	0
100	319	583	765	822	912	969	992	0
101	358	584	699	881	919	959	999	0
102	359	585	766	882	925	942	993	0
41	360	586	767	831	936	964	997	0
103	361	552	692	829	922	968	1003	0
104	274	572	768	875	926	956	992	0
84	308	587	769	883	932	965	995	0
105	362	588	750	884	937	954	977	0
106	363	589	755	823	937	960	999	0
64	357	590	770	844	912	974	1005	0
107	364	551	771	882	938	959	1006	0
108	272	591	764	865	916	954	986	0
109	365	592	772	846	912	953	990	0
110	253	593	745	885	938	957	989	0
111	366	558	715	818	916	945	994	0
112	276	594	773	871	926	946	1002	0
113	367	595	695	870	926	943	997	0
114	368	596	739	886	921	963	992	0
115	369	537	774	868	933	963	1007	0
116	318	597	731	887	917	965	980	0
117	370	512	747	877	925	960	1007	0
118	371	598	692	847	927	947	1005	0
119	372	519	775	886	938	964	991	0
1	373	599	658	840	931	955	982	0
120	374	600	776	854	929	948	977	0
121	375	601	777	832	925	953	978	0
122	277	602	769	815	926	953	1003	0
43	376	507	776	878	931	968	978	0
32	377	603	778	888	929	970	984	0
123	378	604	779	816	926	949	981	0
124	337	538	780	876	936	968	989	0
125	338	605	706	854	930	950	1002	0
126	379	524	781	889	938	954	1005	0
127	380	606	721	830	922	975	1004	0
128	381	523	679	831	933	967	975	0
129	324	607	708	887	918	944	1006	0
80	381	594	647	827	927	974	987	0
130	382	608	734	813	934	964	1008	0
131	383	609	728	855	913	952	980	0
132	384	610	708	833	888	946	990	0
123	385	530	782	885	939	953	1007	0
133	386	536	783	814	923	975	981	0
134	331	611	685	890	909	974	983	0
111	387	612	775	834	933	953	988	0
135	388	568	670	859	919	960	978	0
93	389	577	784	891	938	968	988	0
136	267	530	785	807	931	949	996	0
137	390	613	684	892	912	959	997	0
138	269	614	764	815	915	960	993	0
139	391	560	786	893	920	942	977	0
140	392	585	685	870	933	973	980	0
141	359	553	787	894	940	974	998	0
101	393	520	788	895	937	944	1002	1008
142	394	508	733	845	914	953	1006	0
143	260	599	773	887	940	947	1007	0
5	339	615	773	834	919	962	974	0
144	395	616	789	896	925	941	981	0
145	396	501	758	839	926	942	999	0
146	393	617	790	897	935	960	990	0
147	386	557	686	882	913	949	985	0
148	397	612	791	898	918	971	987	0
11	398	618	763	847	914	962	999	0
149	399	617	760	869	931	951	988	0
150	400	619	781	870	915	966	978	0
151	401	578	646	856	911	951	1004	0
152	402	575	768	859	913	953	996	0
63	403	620	723	899	918	972	1007	0
153	297	621	784	861	911	949	984	0
154	385	615	713	856	918	956	980	0
155	404	540	772	833	932	957	1003	0
49	405	515	780	900	914	972	996	0
156	406	616	707	862	919	944	979	0
157	407	565	788	880	933	941	1003	0
82	408	622	705	898	930	943	1003	0
158	312	593	677	829	898	966	995	0
154	258	603	792	901	917	961	986	0
75	409	583	788	891	903	951	996	0
159	261	623	717	872	907	948	1007	0
160	410	568	741	853	933	944	1004	0
161	411	510	761	881	917	967	1002	0
162	412	621	793	837	913	975	1003	0
163	340	550	794	891	932	955	991	0
164	413	505	795	839	899	971	988	0
16	414	610	796	902	938	965	977	0
47	415	511	797	837	924	969	977	0
165	416	578	798	842	925	966	990	0
99	417	624	799	882	926	967	988	0
105	344	607	800	845	930	949	999	0
50	418	593	797	886	929	973	986	0
166	382	531	782	903	921	974	984	0
115	419	625	736	904	929	966	983	0
167	420	626	768	844	914	946	988	1008
138	421	551	765	872	933	961	0	0
38	422	627	794	841	922	974	1000	0
168	285	523	801	905	940	948	987	0
45	369	628	751	857	920	954	1006	0
144	423	597	711	853	930	957	985	0
169	370	627	746	867	915	965	998	0
170	424	629	769	873	933	952	979	0
171	425	601	749	851	923	970	1002	0
118	329	529	774	836	941	970	995	0
172	426	538	802	877	939	971	1006	0
83	427	624	711	883	936	976	1004	0
173	428	630	710	841	908	972	987	0
68	397	631	672	866	927	950	983	0
160	429	547	779	895	913	950	993	0
174	430	587	683	809	940	970	989	0
17	431	589	798	889	929	944	992	0
175	432	587	760	901	914	950	1005	0
176	433	611	769	855	925	945	1006	0
177	434	632	749	858	931	945	980	0
177	362	535	670	876	926	965	996	0
46	378	586	712	838	932	974	1004	0
174	435	633	781	850	908	967	985	0
178	290	634	700	843	932	948	996	0
125	287	511	681	832	911	954	983	0
179	436	635	803	906	940	973	981	0
180	433	537	757	907	935	974	997	0
181	437	588	732	907	939	965	986	0
182	341	614	703	896	910	962	987	0
124	438	580	660	868	921	970	979	0
183	422	636	667	899	937	963	982	0
103	439	596	785	842	914	942	989	0
140	303	535	789	864	912	961	979	0
15	440	581	709	853	934	942	975	0
184	441	514	802	821	931	973	990	0
185	396	637	804	896	928	969	1001	0
186	384	638	779	820	917	974	995	0
113	442	496	805	893	917	960	992	0
71	395	503	782	873	924	945	995	0
184	300	639	748	908	942	948	998	0
164	336	579	780	819	911	958	998	0
156	408	520	696	827	912	952	1007	0
187	443	570	800	906	933	971	994	0
116	444	545	803	838	934	963	987	0
188	445	582	801	904	924	972	978	0
92	400	573	673	879	919	972	1008	0
189	446	547	766	869	936	947	991	0
141	447	640	761	898	932	973	992	0
190	448	534	803	890	915	962	1005	0
53	325	626	797	906	936	948	1006	0
191	438	606	792	846	920	972	1001	0
87	449	543	707	820	909	973	996	0
192	311	641	806	909	940	972	986	0
167	306	620	687	866	915	961	999	0
193	281	548	807	909	938	956	1007	0
147	365	641	718	824	922	942	0	0
72	450	574	808	907	932	970	1008	0
194	428	556	706	897	933	942	982	0
194	255	632	727	905	911	953	994	0
195	451	618	688	891	940	949	994	0
196	304	598	709	897	913	974	977	1008
197	452	540	689	859	915	945	1001	0
90	298	624	790	867	911	957	982	0
157	453	506	729	902	930	942	992	0
76	454	497	736	818	917	958	999	0
198	394	642	776	828	933	957	1001	0
199	367	643	800	867	931	961	995	0
200	432	644	673	841	918	952	985	0
201	427	522	693	878	908	952	1005	0
202	455	645	702	902	918	945	998	0
203	456	646	767	871	937	950	992	0
204	457	558	645	864	919	957	995	0
205	458	612	752	895	922	956	994	0
183	459	564	809	862	910	971	1004	0
190	390	555	666	820	933	950	978	0
206	286	542	810	904	941	968	979	0
136	460	647	770	907	943	952	1000	0
188	316	617	718	851	910	947	984	0
88	442	589	741	807	932	961	988	0
187	411	636	717	890	914	958	990	0
207	440	591	811	860	932	956	998	0
208	413	648	716	864	913	970	1005	0
209	461	628	701	887	908	953	981	0
7	282	640	786	878	935	946	980	0
13	407	597	756	909	923	954	991	0
130	364	647	753	906	918	947	975	0
31	462	509	680	884	927	967	993	0
181	448	567	758	865	929	955	994	0
114	453	588	810	861	920	974	1003	0
192	463	618	723	879	917	946	976	0
120	464	519	744	856	928	971	975	0
60	441	649	752	889	909	969	988	0
189	406	576	672	863	932	952	1006	0
210	465	595	712	901	908	966	1003	0
199	317	513	812	889	924	965	994	0
211	466	555	740	845	924	966	1001	0
212	467	619	790	828	922	962	1008	0
30	466	609	805	906	938	951	1003	0
163	468	650	755	857	911	943	988	0
107	262	650	789	881	940	960	991	0
213	469	637	665	855	920	962	986	0
129	256	651	785	879	916	941	975	0
58	416	629	720	737	922	943	985	0
195	379	604	700	836	937	966	975	0
142	421	567	674	905	934	965	984	0
214	273	629	804	908	939	958	996	0
215	470	652	751	883	910	960	1002	0
97	471	581	805	899	925	948	1002	0
216	472	653	811	825	918	964	986	0
51	372	613	777	880	927	966	982	0
205	473	595	796	868	916	951	1005	0
89	327	635	788	833	931	975	1005	0
121	271	599	735	900	928	952	990	0
117	391	652	720	860	928	957	978	0
217	345	654	793	901	909	951	1002	0
59	328	655	704	863	908	963	1008	0
27	474	632	726	838	916	950	1003	0
218	305	656	678	849	912	955	1003	0
145	358	559	671	829	925	957	979	0
159	475	561	807	852	934	954	992	0
219	451	653	697	885	915	942	985	0
204	476	577	799	838	914	956	981	0
98	437	656	790	842	930	944	997	0
203	469	579	806	830	929	967	997	0
81	363	533	677	830	934	968	994	0
96	419	576	710	835	928	973	1005	0
220	477	528	786	897	921	955	975	0
100	478	641	779	905	925	944	976	0
197	479	657	759	825	925	967	987	0
78	477	639	663	855	917	950	987	1008
69	480	631	799	849	921	972	995	0
221	481	557	715	819	931	941	989	0
222	460	499	721	877	923	968	997	0
223	482	658	746	904	927	963	994	0
221	351	636	713	894	926	961	987	0
224	424	532	732	823	915	971	992	0
198	375	571	719	902	939	962	983	0
171	478	529	676	860	935	966	992	0
225	483	602	805	904	937	967	976	0
128	289	659	782	890	913	946	982	0
8	343	602	727	849	919	965	1004	0
226	294	621	671	840	908	954	976	0
227	270	638	786	884	923	956	979	0
228	326	603	699	871	913	971	983	0
86	374	616	725	868	937	955	990	0
229	292	594	694	908	938	944	1001	0
122	473	517	730	828	928	946	1006	0
155	333	645	771	836	924	955	999	0
230	467	500	676	899	920	957	1000	0
208	463	541	787	873	935	972	1004	0
220	443	620	730	827	929	959	1005	0
110	471	655	801	872	936	953	983	0
231	484	503	793	867	935	963	986	0
232	399	634	767	899	924	946	991	0
10	412	590	812	906	916	943	978	0
179	485	660	737	879	926	962	989	0
95	266	572	704	880	920	975	990	0
233	486	628	795	856	931	963	997	0
104	414	622	765	869	922	970	1007	0
20	449	651	804	861	932	964	980	0
133	330	644	739	821	926	968	982	0
234	487	649	767	903	935	959	993	0
18	468	623	813	888	925	955	977	0
29	486	655	814	870	934	948	985	0
235	488	661	771	806	936	974	1007	0
175	431	552	787	875	938	971	978	1008
151	489	662	777	908	919	970	992	0
162	489	541	802	905	921	967	982	0
227	436	569	815	858	938	961	985	0
150	405	615	747	892	932	958	1005	0
212	355	553	784	910	937	972	1003	0
236	489	659	815	898	936	965	1008	0
119	403	574	690	874	940	945	985	0
34	315	600	808	858	917	949	1007	0
148	459	499	714	891	934	946	983	0
237	350	663	694	866	930	956	1005	0
28	389	634	674	834	930	951	1000	0
238	490	631	801	874	939	954	1002	0
235	491	539	814	901	928	949	997	0
201	483	623	793	880	936	949	979	0
239	380	549	783	816	921	973	983	0
206	313	638	698	882	915	954	997	0
196	462	664	778	862	922	950	998	0
109	278	508	745	848	921	945	981	0
240	488	648	693	904	918	973	1003	1008
9	342	626	675	841	923	973	978	0
158	423	528	784	892	939	952	981	0
6	490	601	809	907	942	947	0	0
2	444	658	791	907	938	969	1004	0
91	259	606	762	883	939	949	989	0
241	388	635	687	883	909	970	977	0
200	323	526	795	888	939	947	998	0
242	353	536	688	829	912	954	998	0
70	484	665	772	886	923	947	989	0
193	309	661	696	843	926	964	1000	0
243	482	666	812	886	935	961	1008	0
127	484	571	808	849	941	946	999	0
244	349	608	735	844	909	949	1001	0
40	283	667	765	877	935	956	978	0
35	455	585	680	821	917	966	1006	0
215	354	501	759	828	912	950	985	0
240	310	562	815	900	920	967	999	0
245	492	640	771	905	927	943	981	0
131	493	600	763	834	915	957	1008	0
21	425	657	807	902	927	969	978	0
213	295	561	691	894	921	959	991	0
168	481	665	781	825	930	946	998	0
172	265	657	791	875	928	950	995	0
185	434	604	778	874	912	943	995	0
222	254	611	740	852	937	942	988	0
233	371	622	799	889	939	946	984	0
246	491	668	803	898	937	959	986	0
242	402	651	757	817	929	960	985	0
3	492	662	796	907	941	971	980	0
55	263	639	750	822	924	968	1007	0
166	445	642	663	817	923	944	986	0
229	420	539	798	884	910	958	991	0
247	479	494	566	878	926	972	983	0
248	458	548	792	884	919	966	1005	0
202	430	516	783	858	925	971	1001	0
170	482	586	768	888	937	958	995	0
173	494	669	775	890	920	951	995	0
237	492	625	816	861	931	962	985	0
241	480	525	724	804	918	966	988	0
74	409	664	808	900	940	954	1000	0
249	418	517	766	893	927	945	1002	0
108	495	630	800	907	940	962	977	0
22	496	669	748	902	936	954	981	0
54	426	642	738	864	915	972	1000	0
178	302	495	803	825	919	969	1002	0
250	487	668	808	910	936	975	0	0
216	470	565	783	908	940	969	980	0
250	494	590	801	887	935	968	985	0
247	392	667	804	895	927	959	977	0
161	465	653	773	842	920	959	1004	0
182	485	563	772	866	937	952	994	0
106	454	584	743	899	938	973	993	0
12	352	583	725	894	928	941	1004	0
243	497	664	806	852	939	973	987	0
186	332	554	802	896	914	970	978	0
52	322	596	695	819	910	956	1008	0
230	356	532	778	791	908	973	991	0
238	293	570	787	843	920	969	991	0
132	456	527	797	876	907	951	984	0
79	435	556	743	903	941	953	998	0
239	401	627	728	907	944	961	996	0
231	360	560	683	895	930	941	982	0
226	464	592	794	909	939	959	980	0
214	495	592	754	831	929	957	1007	0
112	398	546	800	905	928	956	968	0
23	383	559	810	901	940	956	999	0
153	474	582	610	898	909	958	993	0
191	307	608	716	862	924	947	1006	0
207	376	660	809	909	941	948	997	0
225	377	566	814	903	916	969	979	0
62	447	505	770	908	941	965	983	0
236	275	633	792	907	945	963	991	0
137	496	637	776	885	940	963	976	0
224	361	625	780	813	916	974	1001	0
25	476	646	703	835	923	945	976	0
246	461	575	698	846	935	970	1003	0
139	493	670	812	902	911	944	980	0
218	472	531	569	837	933	966	989	0
251	446	643	774	885	934	967	1001	0
210	321	605	795	824	921	956	1001	0
67	387	515	697	850	924	960	982	0
249	439	648	794	874	935	952	984	0
135	346	619	705	871	931	969	981	0
33	257	564	754	805	930	968	1006	0
234	498	613	816	881	918	948	1004	0
149	485	546	813	908	943	961	1007	0
217	334	591	766	852	919	950	994	0
245	296	533	775	845	912	946	1000	0
126	457	668	813	893	933	948	1000	0
176	301	656	802	893	918	950	989	0
223	475	563	796	892	917	969	996	0
134	487	580	810	875	919	946	986	0
102	450	659	733	851	928	958	1007	0
211	366	650	719	846	937	964	1004	0
244	452	609	701	881	922	965	1005	0
180	493	661	811	896	922	972	1006	0
146	347	607	777	814	932	972	977	0
169	404	598	770	832	910	969	993	0
152	499	584	811	900	939	974	979	0
232	483	652	817	826	941	964	1006	0
61	373	654	724	848	935	943	1006	0
165	415	644	774	900	912	960	988	0
14	490	671	806	903	930	948	1001	0
228	368	544	689	850	916	938	996	0
73	488	630	817	894	939	942	994	0
143	429	633	742	817	914	971	977	0
252	491	672	762	854	926	945	978	0
252	264	614	785	904	911	965	1001	0
248	486	666	753	900	930	953	987	0
48	410	605	682	835	935	969	994	0
251	417	502	722	901	927	957	975	0
209	500	654	798	892	938	962	0	0
219	335	500	789	833	936	973	982	0
