504 252
3 7
3 3 3 3 3 3 3 3 3 3 3 3 3 3 3 3 3 3 3 3 3 3 3 3 3 3 3 3 3 3 3 3 3 3 3 3 3 3 3 3 3 3 3 3 3 3 3 3 3 3 3 3 3 3 3 3 3 3 3 3 3 3 3 3 3 3 3 3 3 3 3 3 3 3 3 3 3 3 3 3 3 3 3 3 3 3 3 3 3 3 3 3 3 3 3 3 3 3 3 3 3 3 3 3 3 3 3 3 3 3 3 3 3 3 3 3 3 3 3 3 3 3 3 3 3 3 3 3 3 3 3 3 3 3 3 3 3 3 3 3 3 3 3 3 3 3 3 3 3 3 3 3 3 3 3 3 3 3 3 3 3 3 3 3 3 3 3 3 3 3 3 3 3 3 3 3 3 3 3 3 3 3 3 3 3 3 3 3 3 3 3 3 3 3 3 3 3 3 3 3 3 3 3 3 3 3 3 3 3 3 3 3 3 3 3 3 3 3 3 3 3 3 3 3 3 3 3 3 3 3 3 3 3 3 3 3 3 3 3 3 3 3 3 3 3 3 3 3 3 3 3 3 3 3 3 3 3 3 3 3 3 3 3 3 3 3 3 3 3 3 3 3 3 3 3 3 3 3 3 3 3 3 3 3 3 3 3 3 3 3 3 3 3 3 3 3 3 3 3 3 3 3 3 3 3 3 3 3 3 3 3 3 3 3 3 3 3 3 3 3 3 3 3 3 3 3 3 3 3 3 3 3 3 3 3 3 3 3 3 3 3 3 3 3 3 3 3 3 3 3 3 3 3 3 3 3 3 3 3 3 3 3 3 3 3 3 3 3 3 3 3 3 3 3 3 3 3 3 3 3 3 3 3 3 3 3 3 3 3 3 3 3 3 3 3 3 3 3 3 3 3 3 3 3 3 3 3 3 3 3 3 3 3 3 3 3 3 3 3 3 3 3 3 3 3 3 3 3 3 3 3 3 3 3 3 3 3 3 3 3 3 3 3 3 3 3 3 3 3 3 3 3 3 3 3 3 3 3 3 3 3 3 3 3 3 3 3 3 3 3 3 3 3 3 3 3 3 3 3 3 3 3 3 3 3 3 3 3 3 3 3 3 3 3 3 3 3 3 3 3 3 3 3 3 
6 6 6 6 6 6 6 6 6 6 6 6 6 6 6 6 6 6 6 6 6 6 6 6 6 6 6 6 6 6 6 6 6 6 7 6 6 6 6 6 6 6 6 6 6 6 6 6 6 6 6 6 6 6 6 6 6 6 6 6 6 6 6 6 6 6 6 6 6 6 6 6 6 6 6 6 6 6 6 6 6 6 6 6 6 6 6 6 6 6 6 6 6 6 6 6 6 6 6 6 6 6 6 6 7 6 6 6 6 6 6 6 6 6 6 6 6 6 6 6 6 6 6 6 6 6 6 6 6 6 6 6 6 6 6 6 6 6 6 6 6 6 6 6 6 6 6 6 6 6 6 6 6 6 6 6 6 6 6 6 6 6 6 6 6 6 6 6 6 6 6 6 6 6 6 6 6 6 6 6 6 6 6 6 6 6 6 6 6 6 6 6 6 5 6 6 6 6 6 6 6 6 6 6 6 6 6 6 6 6 6 6 6 6 6 6 6 6 6 6 6 6 6 6 6 6 6 6 6 6 5 6 6 6 5 6 6 6 6 6 6 6 6 6 6 7 6 6 6 6 6 6 
1	70	198
2	11	210
3	86	197
4	145	173
5	180	196
6	89	223
7	144	247
8	99	119
9	111	184
10	20	183
12	206	218
13	51	229
14	16	234
15	160	190
17	150	182
18	71	143
19	188	238
21	55	203
22	25	103
23	54	202
24	49	60
26	57	74
27	107	115
28	101	251
29	94	104
30	158	225
31	129	217
32	40	211
33	37	154
34	148	162
35	232	246
36	65	92
38	39	42
41	113	237
43	168	200
44	125	133
45	215	248
46	98	136
47	63	169
48	80	226
50	97	166
52	67	114
53	58	176
56	134	147
59	138	163
61	130	201
62	66	87
64	171	186
68	161	170
69	109	174
72	93	243
73	126	191
75	112	227
76	157	221
77	187	205
78	90	233
79	131	153
81	117	135
82	121	172
83	156	204
84	175	192
85	95	132
88	128	242
91	189	214
96	159	167
100	219	235
102	199	245
105	152	241
106	123	236
108	140	239
110	146	178
116	127	250
118	185	249
120	155	209
122	208	240
124	212	244
137	139	228
141	164	195
142	179	220
149	151	194
165	216	230
177	193	207
181	224	252
213	222	231
1	169	240
2	112	185
3	168	183
4	11	132
5	6	232
7	124	189
8	64	239
9	51	198
10	15	163
12	52	195
13	50	58
14	44	207
16	49	148
17	18	60
19	79	135
20	41	89
21	125	139
22	70	170
23	53	66
24	120	201
25	92	250
26	218	230
27	103	145
28	128	197
29	173	224
30	212	251
31	39	75
32	127	225
33	200	204
34	74	194
35	143	233
36	178	188
37	109	231
38	72	219
40	134	186
42	175	179
43	77	106
45	94	126
46	172	206
47	105	157
48	159	211
54	102	121
55	220	222
56	93	149
57	76	123
59	62	215
61	81	87
63	192	247
65	90	174
67	85	99
68	193	237
69	98	249
71	91	191
73	171	203
78	235	242
80	180	199
82	144	153
83	129	166
84	96	190
86	95	155
88	216	228
97	110	140
100	184	234
101	176	182
104	122	187
107	202	243
108	223	241
111	164	167
113	136	147
114	156	177
115	160	165
116	227	236
117	137	196
118	130	244
119	131	205
133	146	210
138	162	213
141	150	238
142	181	229
151	208	246
152	154	158
161	209	245
214	217	226
207	221	248
20	238	252
1	228	249
2	143	163
3	55	82
4	48	176
5	38	52
6	7	103
8	115	148
9	33	191
10	219	225
11	26	175
12	104	201
13	56	120
14	98	226
15	157	245
16	19	227
17	63	156
18	123	140
21	62	250
22	28	57
23	37	122
24	139	152
25	164	166
27	136	158
29	78	83
30	146	205
31	86	208
32	68	246
34	53	89
35	119	142
36	91	93
39	45	182
40	54	185
41	85	126
42	43	186
44	181	202
46	84	97
47	134	135
49	90	168
50	73	216
51	75	206
58	76	153
59	151	204
60	128	190
61	159	231
64	70	214
65	171	221
66	192	233
67	69	101
71	117	193
72	81	108
74	118	154
77	88	102
79	209	215
80	107	110
87	165	189
92	95	160
94	127	197
96	131	223
99	124	242
100	132	222
105	224	230
106	213	237
109	199	247
111	173	212
112	113	235
114	178	229
116	130	180
121	138	150
125	170	200
129	220	244
133	167	236
137	211	252
141	155	239
144	198	243
145	174	194
147	195	248
149	172	210
161	218	234
162	196	251
110	169	183
3	177	241
113	179	240
47	184	232
98	187	203
188	216	246
192	217	225
1	89	127
2	94	229
4	88	108
5	44	128
6	203	211
7	49	122
8	61	172
9	40	160
10	22	201
11	191	238
12	19	107
13	109	170
14	163	247
15	188	220
16	166	182
17	23	136
18	100	130
20	56	167
21	111	140
24	217	237
25	102	193
26	41	187
27	43	209
28	144	147
29	96	121
30	85	221
31	114	131
32	153	239
33	119	207
34	39	125
35	116	176
36	162	224
37	38	165
42	91	156
45	70	233
46	186	196
48	200	230
50	74	243
51	77	244
52	66	123
53	117	242
54	57	99
55	120	204
58	175	212
59	65	118
60	62	178
63	95	227
64	190	252
67	135	210
68	87	173
69	181	208
71	101	152
72	98	213
73	236	245
75	103	231
76	142	228
78	80	149
79	139	197
81	168	185
82	145	214
83	184	205
84	93	141
86	189	234
90	164	179
92	240	241
97	151	157
104	134	177
105	106	174
112	161	194
115	129	143
124	150	250
126	159	202
132	148	198
133	155	235
137	195	222
138	158	232
146	218	249
154	195	226
169	206	215
171	173	219
11	180	248
161	183	251
91	199	223
1	106	166
2	25	153
3	18	34
4	52	183
5	51	90
6	95	172
7	133	186
8	113	178
9	116	136
10	83	202
12	32	242
13	207	211
14	89	244
15	75	108
16	55	158
17	79	174
19	57	240
20	87	152
21	246	247
22	73	114
23	149	228
24	35	171
26	44	81
27	58	100
28	42	159
29	101	239
30	134	181
31	54	105
33	84	135
36	37	209
38	157	250
39	120	249
40	110	213
41	47	82
43	99	163
45	93	184
46	94	165
48	122	138
49	67	127
50	223	233
53	160	248
56	103	230
59	214	235
60	199	212
61	182	245
62	104	132
48	63	220
64	193	227
65	88	234
66	112	205
68	84	148
69	115	167
70	210	220
71	151	231
72	129	252
74	134	150
76	148	156
19	77	219
78	188	207
80	92	237
85	218	226
86	123	180
96	117	118
97	177	179
102	125	147
107	130	221
109	217	238
111	201	215
119	145	196
121	142	200
124	204	225
126	168	175
128	169	191
131	222	251
137	189	192
139	187	243
140	154	208
141	143	144
146	162	197
155	213	216
164	172	225
170	232	241
176	206	224
91	185	236
190	194	203
198	230	250
55	192	229
1	33	173
2	36	74
3	9	62
4	113	249
5	100	239
6	76	77
7	45	112
8	23	50
10	13	117
11	158	193
12	168	223
14	58	105
15	139	191
16	40	125
17	218	233
18	78	186
20	54	65
21	142	183
22	46	244
24	97	202
25	98	242
26	140	149
27	35	63
28	184	206
29	160	247
30	79	108
31	171	215
32	37	181
34	164	199
38	57	229
39	83	135
41	150	209
42	169	246
43	167	221
44	92	129
47	94	211
49	216	241
51	152	185
52	153	227
53	151	201
56	86	178
59	115	175
60	163	243
61	93	217
64	109	123
66	155	200
67	82	106
68	180	182
69	88	166
70	110	120
71	205	240
72	130	161
73	75	196
80	99	133
35	81	104
85	224	246
87	179	190
89	174	189
90	131	147
95	212	214
96	127	144
101	165	187
102	210	252
103	177	208
107	114	122
111	118	197
116	159	170
119	136	238
121	143	234
124	203	237
126	204	232
128	222	245
132	154	228
137	146	219
138	145	248
105	141	156
157	226	251
162	195	236
176	188	198
1	85	170	256	339	426	0
2	86	171	257	340	427	0
3	87	172	250	341	428	0
4	88	173	258	342	429	0
5	89	174	259	343	430	0
6	89	175	260	344	431	0
7	90	175	261	345	432	0
8	91	176	262	346	433	0
9	92	177	263	347	428	0
10	93	178	264	348	434	0
2	88	179	265	336	435	0
11	94	180	266	349	436	0
12	95	181	267	350	434	0
13	96	182	268	351	437	0
14	93	183	269	352	438	0
13	97	184	270	353	439	0
15	98	185	271	354	440	0
16	98	186	272	341	441	0
17	99	184	266	355	396	0
10	100	169	273	356	442	0
18	101	187	274	357	443	0
19	102	188	264	358	444	0
20	103	189	271	359	433	0
21	104	190	275	360	445	0
19	105	191	276	340	446	0
22	106	179	277	361	447	0
23	107	192	278	362	448	0
24	108	188	279	363	449	0
25	109	193	280	364	450	0
26	110	194	281	365	451	0
27	111	195	282	366	452	0
28	112	196	283	349	453	0
29	113	177	284	367	426	0
30	114	197	285	341	454	0
31	115	198	286	360	448	480
32	116	199	287	368	427	0
29	117	189	288	368	453	0
33	118	174	288	369	455	0
33	111	200	285	370	456	0
28	119	201	263	371	439	0
34	100	202	277	372	457	0
33	120	203	289	363	458	0
35	121	203	278	373	459	0
36	96	204	259	361	460	0
37	122	200	290	374	432	0
38	123	205	291	375	444	0
39	124	206	252	372	461	0
40	125	173	292	376	385	0
21	97	207	261	377	462	0
41	95	208	293	378	433	0
12	92	209	294	343	463	0
42	94	174	295	342	464	0
43	103	197	296	379	465	0
20	126	201	297	366	442	0
18	127	172	298	353	425	0
44	128	181	273	380	466	0
22	129	188	297	355	455	0
43	95	210	299	362	437	0
45	130	211	300	381	467	0
21	98	212	301	382	468	0
46	131	213	262	383	469	0
47	130	187	301	384	428	0
39	132	185	302	385	448	0
48	91	214	303	386	470	0
32	133	215	300	387	442	0
47	103	216	295	388	471	0
42	134	217	304	377	472	0
49	135	196	305	389	473	0
50	136	217	306	390	474	0
1	102	214	290	391	475	0
16	137	218	307	392	476	0
51	118	219	308	393	477	0
52	138	208	309	358	478	0
22	114	220	293	394	427	0
53	111	209	310	352	478	0
54	129	210	311	395	431	0
55	121	221	294	396	431	0
56	139	193	312	397	441	0
57	99	222	313	354	451	0
40	140	223	312	398	479	0
58	131	219	314	361	480	0
59	141	172	315	372	472	0
60	142	193	316	348	456	0
61	143	205	317	367	389	0
62	134	202	281	399	481	0
3	144	195	318	400	466	0
47	131	224	305	356	482	0
63	145	221	258	387	474	0
6	100	197	256	351	483	0
56	133	207	319	343	484	0
64	137	199	289	338	422	0
32	105	225	320	398	460	0
51	128	199	317	374	469	0
25	122	226	257	375	461	0
62	144	225	302	344	485	0
65	143	227	280	401	486	0
41	146	205	321	402	445	0
38	136	182	253	308	446	0
8	134	228	297	373	479	0
66	147	229	272	362	430	0
24	148	217	307	364	487	0
67	126	221	276	403	488	0
19	107	175	310	380	489	0
25	149	180	322	384	480	0
68	124	230	323	366	437	501
69	121	231	323	339	472	0
23	150	223	266	404	490	0
70	151	219	258	352	451	0
50	117	232	267	405	470	0
71	146	223	249	371	475	0
9	152	233	274	406	491	0
53	86	234	324	388	432	0
34	153	234	251	346	429	0
42	154	235	282	358	490	0
23	155	176	325	390	467	0
72	156	236	286	347	492	0
58	157	218	296	401	434	0
73	158	220	300	401	491	0
8	159	198	284	407	493	0
74	104	181	298	370	475	0
59	126	237	280	408	494	0
75	149	189	261	376	490	0
69	129	186	295	400	470	0
76	90	228	326	409	495	0
36	101	238	285	403	439	0
52	122	202	327	410	496	0
72	112	226	256	377	486	0
63	108	212	259	411	497	0
27	142	239	325	393	460	0
46	158	236	272	404	477	0
57	159	227	282	412	484	0
62	88	229	328	384	498	0
36	160	240	329	345	479	0
44	119	206	322	365	394	0
58	99	206	304	367	456	0
38	153	192	271	347	493	0
77	157	241	330	413	499	0
45	161	237	331	376	500	0
77	101	190	313	414	438	0
70	146	186	274	415	447	0
78	162	242	317	416	501	0
79	163	198	311	408	443	0
16	115	171	325	416	494	0
7	141	243	279	416	486	0
4	107	244	315	407	500	0
71	160	194	332	417	499	0
44	153	245	279	403	484	0
30	97	176	328	389	395	0
80	128	246	312	359	447	0
15	162	237	326	394	457	0
80	164	211	321	392	465	0
68	165	190	307	356	463	0
57	141	210	283	340	464	0
29	165	220	333	415	498	0
74	144	242	329	418	471	0
60	154	185	289	395	501	0
54	124	183	321	369	502	0
26	165	192	331	353	435	0
65	125	213	327	363	492	0
14	155	225	263	379	450	0
49	166	247	324	337	477	0
30	161	248	287	417	503	0
45	93	171	268	373	468	0
78	152	191	319	419	454	0
81	155	224	288	375	487	0
41	142	191	270	339	474	0
65	152	240	273	390	459	0
35	87	207	314	410	436	0
39	85	249	334	411	458	0
49	102	238	267	420	492	0
48	138	215	335	360	452	0
59	123	246	262	344	419	0
4	109	233	305	335	426	0
50	133	244	323	354	483	0
61	120	179	299	410	467	0
43	148	173	286	421	504	0
82	154	250	322	402	489	0
71	116	235	301	346	466	0
79	120	251	319	402	482	0
5	140	236	336	400	473	0
83	163	204	306	365	453	0
15	148	200	270	383	473	0
10	87	249	337	342	443	0
9	147	252	316	374	449	0
73	86	201	314	422	463	0
48	119	203	291	345	441	0
55	149	253	277	414	487	0
17	116	254	269	397	504	0
64	90	224	318	413	483	0
14	143	212	303	423	482	0
52	137	177	265	411	438	0
61	132	216	255	413	425	0
82	135	218	276	386	435	0
80	114	244	324	423	0	0
78	94	245	330	333	503	0
5	157	248	291	407	478	0
3	108	226	313	417	491	0
1	92	243	328	424	504	0
67	140	232	338	382	454	0
35	113	238	292	408	471	0
46	104	180	264	406	465	0
20	150	204	327	348	445	0
18	138	253	260	423	495	0
60	113	211	298	409	496	0
55	159	194	316	388	476	0
11	123	209	334	421	449	0
82	96	168	284	350	397	0
75	164	195	306	415	489	0
74	166	222	278	368	457	0
2	160	246	304	391	488	0
28	125	241	260	350	461	0
76	110	233	299	382	485	0
84	161	231	308	371	418	0
64	167	214	315	381	485	0
37	130	222	334	406	452	0
81	145	208	254	418	462	0
27	167	255	275	405	469	0
11	106	247	332	399	440	0
66	118	178	335	396	499	0
79	127	239	269	385	391	0
54	168	215	281	404	459	0
84	127	229	330	412	497	0
6	151	227	338	378	436	0
83	109	230	287	421	481	0
26	112	178	255	409	419	0
40	167	182	333	399	502	0
53	156	184	302	386	464	0
77	145	170	311	359	498	0
12	163	235	257	425	455	0
81	106	230	292	380	424	0
84	117	213	310	392	0	0
31	89	252	331	420	496	0
56	115	216	290	378	440	0
13	147	247	318	387	494	0
66	139	234	329	381	0	0
69	156	240	309	422	503	0
34	135	231	275	398	495	0
17	162	169	265	405	493	0
70	91	242	283	364	430	0
75	85	251	320	355	476	0
68	151	250	320	420	462	0
63	139	228	296	349	446	0
51	150	243	293	414	468	0
76	158	239	294	351	444	0
67	166	183	309	383	497	0
31	164	196	254	357	458	481
7	132	232	268	357	450	0
37	168	245	336	379	500	0
73	136	170	332	370	429	0
72	105	187	326	369	424	0
24	110	248	337	412	502	0
83	169	241	303	393	488	0
